VDS	ID	VGB
8.80480e-05	-7.69448e-12	2.00008e+00
1.00933e-02	4.14654e-11	2.00007e+00
2.00940e-02	8.36825e-11	2.00006e+00
3.01060e-02	1.11006e-10	2.00007e+00
4.00994e-02	1.24594e-10	2.00006e+00
5.01005e-02	1.27545e-10	2.00007e+00
6.00952e-02	1.23534e-10	2.00007e+00
7.01009e-02	1.15573e-10	2.00006e+00
8.01080e-02	1.05592e-10	2.00006e+00
9.01020e-02	9.50288e-11	2.00006e+00
1.00101e-01	8.47273e-11	2.00007e+00
1.10107e-01	7.51753e-11	2.00007e+00
1.20101e-01	6.64167e-11	2.00007e+00
1.30112e-01	5.85726e-11	2.00006e+00
1.40107e-01	5.16895e-11	2.00006e+00
1.50110e-01	4.56331e-11	2.00007e+00
1.60104e-01	4.02181e-11	2.00007e+00
1.70104e-01	3.55573e-11	2.00008e+00
1.80099e-01	3.16634e-11	2.00007e+00
1.90102e-01	2.83010e-11	2.00007e+00
2.00106e-01	2.54040e-11	2.00007e+00
2.10115e-01	2.29046e-11	2.00007e+00
2.20109e-01	2.07188e-11	2.00006e+00
2.30137e-01	1.88127e-11	2.00007e+00
2.40135e-01	1.71592e-11	2.00008e+00
2.50127e-01	1.56525e-11	2.00008e+00
2.60118e-01	1.43934e-11	2.00008e+00
2.70148e-01	1.32669e-11	2.00008e+00
2.80142e-01	1.22833e-11	2.00007e+00
2.90131e-01	1.14093e-11	2.00007e+00
3.00121e-01	1.06497e-11	2.00007e+00
3.10154e-01	9.93752e-12	2.00007e+00
3.20146e-01	9.31108e-12	2.00007e+00
3.30143e-01	8.74436e-12	2.00008e+00
3.40144e-01	8.24714e-12	2.00007e+00
3.50135e-01	7.83873e-12	2.00007e+00
3.60161e-01	7.41589e-12	2.00007e+00
3.70149e-01	7.05838e-12	2.00007e+00
3.80145e-01	6.71554e-12	2.00006e+00
3.90139e-01	6.45578e-12	2.00007e+00
4.00171e-01	6.19900e-12	2.00007e+00
4.10162e-01	5.95117e-12	2.00007e+00
4.20157e-01	5.73206e-12	2.00007e+00
4.30148e-01	5.52511e-12	2.00007e+00
4.40139e-01	5.35595e-12	2.00006e+00
4.50167e-01	5.19788e-12	2.00007e+00
4.60162e-01	5.03397e-12	2.00007e+00
4.70154e-01	4.90391e-12	2.00007e+00
4.80145e-01	4.75597e-12	2.00008e+00
4.90170e-01	4.63676e-12	2.00007e+00
5.00166e-01	4.51601e-12	2.00007e+00
5.10151e-01	4.42767e-12	2.00007e+00
5.20146e-01	4.28414e-12	2.00008e+00
5.30184e-01	4.22037e-12	2.00008e+00
5.40166e-01	4.13918e-12	2.00008e+00
5.50168e-01	4.05884e-12	2.00007e+00
5.60162e-01	4.00591e-12	2.00007e+00
5.70158e-01	3.98731e-12	2.00007e+00
5.80179e-01	3.89719e-12	2.00008e+00
5.90179e-01	3.84009e-12	2.00007e+00
6.00164e-01	3.78466e-12	2.00007e+00
6.10155e-01	3.75700e-12	2.00008e+00
6.20187e-01	3.72207e-12	2.00007e+00
6.30178e-01	3.69036e-12	2.00007e+00
6.40179e-01	3.65996e-12	2.00007e+00
6.50168e-01	3.61300e-12	2.00006e+00
6.60164e-01	3.56650e-12	2.00006e+00
6.70197e-01	3.54910e-12	2.00006e+00
6.80184e-01	3.52108e-12	2.00007e+00
6.90174e-01	3.49152e-12	2.00006e+00
7.00163e-01	3.46243e-12	2.00006e+00
7.10194e-01	3.45671e-12	2.00006e+00
7.20177e-01	3.41094e-12	2.00007e+00
7.30175e-01	3.38793e-12	2.00007e+00
7.40173e-01	3.38149e-12	2.00007e+00
7.50196e-01	3.38006e-12	2.00007e+00
7.60186e-01	3.36277e-12	2.00007e+00
7.70175e-01	3.34990e-12	2.00006e+00
7.80173e-01	3.34585e-12	2.00006e+00
7.90170e-01	3.31306e-12	2.00007e+00
8.00200e-01	3.32844e-12	2.00007e+00
8.10191e-01	3.32832e-12	2.00007e+00
8.20171e-01	3.30758e-12	2.00007e+00
8.30165e-01	3.33047e-12	2.00007e+00
8.40190e-01	3.38364e-12	2.00007e+00
8.50200e-01	3.45063e-12	2.00007e+00
8.60189e-01	3.59273e-12	2.00007e+00
8.70179e-01	3.78346e-12	2.00007e+00
8.80171e-01	4.06504e-12	2.00008e+00
8.90208e-01	4.38607e-12	2.00008e+00
9.00199e-01	4.68063e-12	2.00007e+00
9.10184e-01	4.96244e-12	2.00007e+00
9.20181e-01	5.17750e-12	2.00007e+00
9.30208e-01	5.42903e-12	2.00006e+00
9.40194e-01	5.64873e-12	2.00006e+00
9.50190e-01	5.88202e-12	2.00006e+00
9.60182e-01	6.06501e-12	2.00007e+00
9.70168e-01	6.28853e-12	2.00007e+00
9.80202e-01	6.50048e-12	2.00006e+00
9.90185e-01	6.69718e-12	2.00007e+00
1.00018e+00	6.91450e-12	2.00006e+00
1.01018e+00	7.09760e-12	2.00007e+00
1.02020e+00	7.31051e-12	2.00007e+00
1.03019e+00	7.51138e-12	2.00007e+00
1.04018e+00	7.69579e-12	2.00006e+00
1.05018e+00	7.87973e-12	2.00006e+00
1.06021e+00	8.08215e-12	2.00006e+00
1.07020e+00	8.26693e-12	2.00007e+00
1.08020e+00	8.44884e-12	2.00007e+00
1.09018e+00	8.63433e-12	2.00007e+00
1.10016e+00	8.80885e-12	2.00007e+00
1.11019e+00	9.02557e-12	2.00007e+00
1.12018e+00	9.16529e-12	2.00006e+00
1.13018e+00	9.34565e-12	2.00007e+00
1.14017e+00	9.51576e-12	2.00006e+00
1.15020e+00	9.68206e-12	2.00006e+00
1.16019e+00	9.86421e-12	2.00007e+00
1.17019e+00	1.00147e-11	2.00007e+00
1.18018e+00	1.01951e-11	2.00007e+00
1.19017e+00	1.03421e-11	2.00007e+00
1.20019e+00	1.05243e-11	2.00007e+00
1.21019e+00	1.06841e-11	2.00006e+00
1.22018e+00	1.08416e-11	2.00007e+00
1.23017e+00	1.09869e-11	2.00007e+00
1.24019e+00	1.11681e-11	2.00007e+00
1.25019e+00	1.13168e-11	2.00007e+00
1.26018e+00	1.14547e-11	2.00008e+00
1.27018e+00	1.16299e-11	2.00007e+00
1.28020e+00	1.17540e-11	2.00007e+00
1.29019e+00	1.19209e-11	2.00006e+00
1.30019e+00	1.20882e-11	2.00007e+00
1.31018e+00	1.22302e-11	2.00008e+00
1.32017e+00	1.23841e-11	2.00007e+00
1.33020e+00	1.25426e-11	2.00007e+00
1.34020e+00	1.27087e-11	2.00007e+00
1.35019e+00	1.28634e-11	2.00007e+00
1.36018e+00	1.30386e-11	2.00008e+00
1.37021e+00	1.31813e-11	2.00008e+00
1.38020e+00	1.33367e-11	2.00008e+00
1.39018e+00	1.34894e-11	2.00008e+00
1.40017e+00	1.36576e-11	2.00007e+00
1.41016e+00	1.38167e-11	2.00007e+00
1.42019e+00	1.39859e-11	2.00008e+00
1.43019e+00	1.41591e-11	2.00008e+00
1.44018e+00	1.43051e-11	2.00008e+00
1.45017e+00	1.44827e-11	2.00007e+00
1.46020e+00	1.46449e-11	2.00007e+00
1.47019e+00	1.48170e-11	2.00006e+00
1.48017e+00	1.50274e-11	2.00006e+00
1.49016e+00	1.52069e-11	2.00006e+00
1.50019e+00	1.53662e-11	2.00006e+00
1.51018e+00	1.55821e-11	2.00007e+00
1.52017e+00	1.57689e-11	2.00007e+00
1.53015e+00	1.59761e-11	2.00007e+00
1.54015e+00	1.61550e-11	2.00006e+00
1.55018e+00	1.63950e-11	2.00007e+00
1.56017e+00	1.66072e-11	2.00007e+00
1.57017e+00	1.68239e-11	2.00006e+00
1.58016e+00	1.70352e-11	2.00006e+00
1.59019e+00	1.72522e-11	2.00006e+00
1.60018e+00	1.74930e-11	2.00006e+00
1.61017e+00	1.76495e-11	2.00007e+00
1.62015e+00	1.79366e-11	2.00007e+00
1.63015e+00	1.81557e-11	2.00007e+00
1.64018e+00	1.84102e-11	2.00007e+00
1.65016e+00	1.86474e-11	2.00007e+00
1.66015e+00	1.88892e-11	2.00008e+00
1.67014e+00	1.91199e-11	2.00007e+00
1.68016e+00	1.93571e-11	2.00007e+00
1.69015e+00	1.96284e-11	2.00007e+00
1.70014e+00	1.98478e-11	2.00008e+00
1.71014e+00	2.01017e-11	2.00007e+00
1.72013e+00	2.03680e-11	2.00007e+00
1.73015e+00	2.06074e-11	2.00008e+00
1.74015e+00	2.08195e-11	2.00008e+00
1.75015e+00	2.10838e-11	2.00008e+00
1.76013e+00	2.13218e-11	2.00007e+00
1.77015e+00	2.15483e-11	2.00007e+00
1.78015e+00	2.17781e-11	2.00007e+00
1.79013e+00	2.20340e-11	2.00006e+00
1.80012e+00	2.22646e-11	2.00007e+00
1.81014e+00	2.25095e-11	2.00007e+00
1.82014e+00	2.27350e-11	2.00007e+00
1.83013e+00	2.29439e-11	2.00007e+00
1.84011e+00	2.32002e-11	2.00007e+00
1.85011e+00	2.34315e-11	2.00007e+00
1.86014e+00	2.36815e-11	2.00007e+00
1.87013e+00	2.38974e-11	2.00007e+00
1.88012e+00	2.41288e-11	2.00008e+00
1.89011e+00	2.43566e-11	2.00007e+00
1.90013e+00	2.45991e-11	2.00008e+00
1.91012e+00	2.48197e-11	2.00007e+00
1.92011e+00	2.50117e-11	2.00007e+00
1.93010e+00	2.52134e-11	2.00007e+00
1.94008e+00	2.54114e-11	2.00007e+00
1.95010e+00	2.56391e-11	2.00007e+00
1.96010e+00	2.58597e-11	2.00008e+00
1.97009e+00	2.60668e-11	2.00007e+00
1.98008e+00	2.63022e-11	2.00007e+00
1.99010e+00	2.65231e-11	2.00008e+00
2.00009e+00	2.67205e-11	2.00007e+00
2.01071e+00	2.69809e-11	2.00008e+00
2.02093e+00	2.72338e-11	2.00007e+00
2.03087e+00	2.74165e-11	2.00008e+00
2.04083e+00	2.76071e-11	2.00007e+00
2.05077e+00	2.77626e-11	2.00007e+00
2.06079e+00	2.79359e-11	2.00008e+00
2.07103e+00	2.81576e-11	2.00008e+00
2.08098e+00	2.82787e-11	2.00007e+00
2.09088e+00	2.84154e-11	2.00007e+00
2.10080e+00	2.85752e-11	2.00007e+00
2.11075e+00	2.87480e-11	2.00007e+00
2.12102e+00	2.89655e-11	2.00007e+00
2.13099e+00	2.91381e-11	2.00007e+00
2.14090e+00	2.93087e-11	2.00008e+00
2.15085e+00	2.94378e-11	2.00008e+00
2.16076e+00	2.96245e-11	2.00008e+00
2.17107e+00	2.98009e-11	2.00007e+00
2.18103e+00	2.99757e-11	2.00007e+00
2.19100e+00	3.01070e-11	2.00008e+00
2.20092e+00	3.02573e-11	2.00007e+00
2.21084e+00	3.04035e-11	2.00007e+00
2.22109e+00	3.06002e-11	2.00007e+00
2.23102e+00	3.07297e-11	2.00008e+00
2.24098e+00	3.08778e-11	2.00007e+00
2.25096e+00	3.09496e-11	2.00008e+00
2.26090e+00	3.10729e-11	2.00007e+00
2.27112e+00	3.12903e-11	2.00007e+00
2.28105e+00	3.14424e-11	2.00006e+00
2.29098e+00	3.15860e-11	2.00006e+00
2.30093e+00	3.17426e-11	2.00006e+00
2.31083e+00	3.19036e-11	2.00007e+00
2.32109e+00	3.21313e-11	2.00007e+00
2.33105e+00	3.22937e-11	2.00007e+00
2.34098e+00	3.24658e-11	2.00007e+00
2.35094e+00	3.26324e-11	2.00007e+00
2.36086e+00	3.28023e-11	2.00006e+00
2.37107e+00	3.30044e-11	2.00006e+00
2.38096e+00	3.32003e-11	2.00007e+00
2.39091e+00	3.33731e-11	2.00007e+00
2.40086e+00	3.34914e-11	2.00009e+00
2.41078e+00	3.36180e-11	2.00008e+00
2.42106e+00	3.38819e-11	2.00008e+00
2.43095e+00	3.40658e-11	2.00008e+00
2.44089e+00	3.42705e-11	2.00008e+00
2.45083e+00	3.44793e-11	2.00008e+00
2.46073e+00	3.46749e-11	2.00008e+00
2.47104e+00	3.49526e-11	2.00008e+00
2.48108e+00	3.51750e-11	2.00007e+00
2.49097e+00	3.53912e-11	2.00007e+00
2.50090e+00	3.56405e-11	2.00007e+00
2.51079e+00	3.58421e-11	2.00007e+00
2.52103e+00	3.61066e-11	2.00007e+00
2.53097e+00	3.63690e-11	2.00007e+00
2.54091e+00	3.66125e-11	2.00008e+00
2.55085e+00	3.68743e-11	2.00007e+00
2.56084e+00	3.70618e-11	2.00008e+00
2.57111e+00	3.73440e-11	2.00007e+00
2.58104e+00	3.75839e-11	2.00008e+00
2.59099e+00	3.78445e-11	2.00007e+00
2.60090e+00	3.80423e-11	2.00007e+00
2.61083e+00	3.83438e-11	2.00007e+00
2.62110e+00	3.86795e-11	2.00007e+00
2.63102e+00	3.89304e-11	2.00007e+00
2.64099e+00	3.92283e-11	2.00008e+00
2.65099e+00	3.94989e-11	2.00006e+00
2.66121e+00	3.98108e-11	2.00006e+00
2.67106e+00	4.00555e-11	2.00007e+00
2.68098e+00	4.03060e-11	2.00007e+00
2.69091e+00	4.06471e-11	2.00007e+00
2.70088e+00	4.09163e-11	2.00007e+00
2.71118e+00	4.12252e-11	2.00007e+00
2.72115e+00	4.14935e-11	2.00008e+00
2.73110e+00	4.16687e-11	2.00007e+00
2.74100e+00	4.19598e-11	2.00007e+00
2.75086e+00	4.22492e-11	2.00007e+00
2.76110e+00	4.25949e-11	2.00007e+00
2.77103e+00	4.28793e-11	2.00007e+00
2.78103e+00	4.31825e-11	2.00007e+00
2.79095e+00	4.34868e-11	2.00007e+00
2.80082e+00	4.38735e-11	2.00008e+00
2.81110e+00	4.42245e-11	2.00007e+00
2.82107e+00	4.45875e-11	2.00007e+00
2.83105e+00	4.49016e-11	2.00007e+00
2.84091e+00	4.51974e-11	2.00007e+00
2.85084e+00	4.54966e-11	2.00007e+00
2.86110e+00	4.58573e-11	2.00008e+00
2.87108e+00	4.61408e-11	2.00008e+00
2.88097e+00	4.63744e-11	2.00007e+00
2.89097e+00	4.66487e-11	2.00007e+00
2.90091e+00	4.69593e-11	2.00006e+00
2.91115e+00	4.73599e-11	2.00006e+00
2.92106e+00	4.77024e-11	2.00006e+00
2.93101e+00	4.80337e-11	2.00007e+00
2.94093e+00	4.83344e-11	2.00006e+00
2.95088e+00	4.86635e-11	2.00007e+00
2.96112e+00	4.90596e-11	2.00007e+00
2.97101e+00	4.94018e-11	2.00007e+00
2.98099e+00	4.97648e-11	2.00007e+00
2.99093e+00	5.00833e-11	2.00007e+00
3.00088e+00	5.04432e-11	2.00008e+00
3.01115e+00	5.08169e-11	2.00007e+00
3.02106e+00	5.12255e-11	2.00007e+00
3.03104e+00	5.15187e-11	2.00007e+00
3.04095e+00	5.18262e-11	2.00007e+00
3.05085e+00	5.21024e-11	2.00006e+00
3.06112e+00	5.25176e-11	2.00006e+00
3.07111e+00	5.28953e-11	2.00006e+00
3.08104e+00	5.32588e-11	2.00007e+00
3.09096e+00	5.35827e-11	2.00007e+00
3.10097e+00	5.39354e-11	2.00007e+00
3.11117e+00	5.43599e-11	2.00006e+00
3.12112e+00	5.47192e-11	2.00007e+00
3.13108e+00	5.50866e-11	2.00007e+00
3.14095e+00	5.54849e-11	2.00006e+00
3.15093e+00	5.58960e-11	2.00007e+00
3.16117e+00	5.63416e-11	2.00007e+00
3.17107e+00	5.67493e-11	2.00007e+00
3.18102e+00	5.71241e-11	2.00006e+00
3.19094e+00	5.75484e-11	2.00006e+00
3.20095e+00	5.78949e-11	2.00005e+00
3.21121e+00	5.82744e-11	2.00005e+00
3.22110e+00	5.86685e-11	2.00006e+00
3.23104e+00	5.90761e-11	2.00005e+00
3.24096e+00	5.95137e-11	2.00007e+00
3.25094e+00	5.99139e-11	2.00007e+00
3.26120e+00	6.04097e-11	2.00007e+00
3.27107e+00	6.08449e-11	2.00006e+00
3.28112e+00	6.12482e-11	2.00006e+00
3.29099e+00	6.16763e-11	2.00006e+00
3.30095e+00	6.20898e-11	2.00006e+00
3.31113e+00	6.26004e-11	2.00006e+00
3.32111e+00	6.30394e-11	2.00006e+00
3.33108e+00	6.34766e-11	2.00007e+00
3.34104e+00	6.39237e-11	2.00006e+00
3.35124e+00	6.44335e-11	2.00006e+00
3.36116e+00	6.47923e-11	2.00007e+00
3.37110e+00	6.51389e-11	2.00007e+00
3.38109e+00	6.56055e-11	2.00007e+00
3.39102e+00	6.60470e-11	2.00007e+00
3.40129e+00	6.65557e-11	2.00007e+00
3.41117e+00	6.68905e-11	2.00007e+00
3.42108e+00	6.73858e-11	2.00007e+00
3.43101e+00	6.78329e-11	2.00007e+00
3.44090e+00	6.83118e-11	2.00006e+00
3.45121e+00	6.88752e-11	2.00007e+00
3.46114e+00	6.93788e-11	2.00007e+00
3.47110e+00	6.98328e-11	2.00007e+00
3.48102e+00	7.03049e-11	2.00007e+00
3.49093e+00	7.07155e-11	2.00007e+00
3.50120e+00	7.12680e-11	2.00007e+00
3.51115e+00	7.17527e-11	2.00006e+00
3.52106e+00	7.21682e-11	2.00007e+00
3.53108e+00	7.25831e-11	2.00008e+00
3.54104e+00	7.30793e-11	2.00007e+00
3.55131e+00	7.36535e-11	2.00007e+00
3.56118e+00	7.41084e-11	2.00008e+00
3.57114e+00	7.46834e-11	2.00007e+00
3.58104e+00	7.52224e-11	2.00008e+00
3.59097e+00	7.57424e-11	2.00007e+00
3.60123e+00	7.63887e-11	2.00007e+00
3.61116e+00	7.69136e-11	2.00007e+00
3.62114e+00	7.74432e-11	2.00007e+00
3.63110e+00	7.79283e-11	2.00007e+00
3.64105e+00	7.85161e-11	2.00007e+00
3.65127e+00	7.90992e-11	2.00007e+00
3.66120e+00	7.96123e-11	2.00006e+00
3.67111e+00	8.01570e-11	2.00007e+00
3.68110e+00	8.06239e-11	2.00007e+00
3.69102e+00	8.10626e-11	2.00007e+00
3.70121e+00	8.17008e-11	2.00007e+00
3.71120e+00	8.24118e-11	2.00007e+00
3.72118e+00	8.29933e-11	2.00007e+00
3.73113e+00	8.35153e-11	2.00008e+00
3.74104e+00	8.40793e-11	2.00007e+00
3.75129e+00	8.47510e-11	2.00007e+00
3.76125e+00	8.53351e-11	2.00007e+00
3.77113e+00	8.59423e-11	2.00008e+00
3.78101e+00	8.64775e-11	2.00008e+00
3.79094e+00	8.70502e-11	2.00007e+00
3.80120e+00	8.77740e-11	2.00008e+00
3.81118e+00	8.84008e-11	2.00008e+00
3.82114e+00	8.90113e-11	2.00008e+00
3.83106e+00	8.96009e-11	2.00007e+00
3.84103e+00	9.00994e-11	2.00006e+00
3.85122e+00	9.06842e-11	2.00006e+00
3.86118e+00	9.13073e-11	2.00006e+00
3.87113e+00	9.19113e-11	2.00007e+00
3.88106e+00	9.26009e-11	2.00007e+00
3.89105e+00	9.32591e-11	2.00007e+00
3.90129e+00	9.39801e-11	2.00007e+00
3.91122e+00	9.46681e-11	2.00006e+00
3.92111e+00	9.52930e-11	2.00007e+00
3.93108e+00	9.59755e-11	2.00006e+00
3.94104e+00	9.66160e-11	2.00007e+00
3.95128e+00	9.74032e-11	2.00006e+00
3.96125e+00	9.81452e-11	2.00006e+00
3.97113e+00	9.88404e-11	2.00007e+00
3.98105e+00	9.94887e-11	2.00007e+00
3.99104e+00	1.00175e-10	2.00007e+00
4.00131e+00	1.00916e-10	2.00007e+00
4.01127e+00	1.01468e-10	2.00007e+00
4.02118e+00	1.02125e-10	2.00007e+00
4.03110e+00	1.02789e-10	2.00007e+00
4.04129e+00	1.03641e-10	2.00006e+00
4.05122e+00	1.04443e-10	2.00007e+00
4.06120e+00	1.05181e-10	2.00007e+00
4.07113e+00	1.05891e-10	2.00007e+00
4.08111e+00	1.06627e-10	2.00007e+00
4.09135e+00	1.07486e-10	2.00007e+00
4.10136e+00	1.08201e-10	2.00007e+00
4.11129e+00	1.08912e-10	2.00006e+00
4.12119e+00	1.09650e-10	2.00007e+00
4.13111e+00	1.10088e-10	2.00007e+00
4.14136e+00	1.11061e-10	2.00007e+00
4.15130e+00	1.11880e-10	2.00007e+00
4.16125e+00	1.12562e-10	2.00007e+00
4.17115e+00	1.13198e-10	2.00007e+00
4.18115e+00	1.13998e-10	2.00008e+00
4.19138e+00	1.15012e-10	2.00007e+00
4.20127e+00	1.15808e-10	2.00008e+00
4.21121e+00	1.16597e-10	2.00007e+00
4.22113e+00	1.17408e-10	2.00007e+00
4.23106e+00	1.18242e-10	2.00007e+00
4.24133e+00	1.19171e-10	2.00007e+00
4.25125e+00	1.19838e-10	2.00007e+00
4.26115e+00	1.20739e-10	2.00007e+00
4.27114e+00	1.21628e-10	2.00007e+00
4.28113e+00	1.22422e-10	2.00007e+00
4.29132e+00	1.23476e-10	2.00007e+00
4.30126e+00	1.24350e-10	2.00007e+00
4.31120e+00	1.25202e-10	2.00007e+00
4.32111e+00	1.25688e-10	2.00006e+00
4.33102e+00	1.25778e-10	2.00007e+00
4.34138e+00	1.26876e-10	2.00008e+00
4.35134e+00	1.27852e-10	2.00007e+00
4.36127e+00	1.28775e-10	2.00007e+00
4.37115e+00	1.29622e-10	2.00007e+00
4.38105e+00	1.30574e-10	2.00007e+00
4.39135e+00	1.31719e-10	2.00007e+00
4.40128e+00	1.32690e-10	2.00007e+00
4.41118e+00	1.33670e-10	2.00007e+00
4.42117e+00	1.34650e-10	2.00006e+00
4.43113e+00	1.35618e-10	2.00007e+00
4.44138e+00	1.36730e-10	2.00007e+00
4.45127e+00	1.37729e-10	2.00007e+00
4.46123e+00	1.38810e-10	2.00007e+00
4.47114e+00	1.39770e-10	2.00007e+00
4.48102e+00	1.40658e-10	2.00008e+00
4.49130e+00	1.41593e-10	2.00008e+00
4.50125e+00	1.42569e-10	2.00008e+00
4.51120e+00	1.43668e-10	2.00008e+00
4.52117e+00	1.44668e-10	2.00008e+00
4.53112e+00	1.45618e-10	2.00008e+00
4.54132e+00	1.46860e-10	2.00008e+00
4.55127e+00	1.47981e-10	2.00008e+00
4.56123e+00	1.49089e-10	2.00008e+00
4.57114e+00	1.50195e-10	2.00007e+00
4.58105e+00	1.51245e-10	2.00007e+00
4.59135e+00	1.52517e-10	2.00007e+00
4.60127e+00	1.53601e-10	2.00007e+00
4.61120e+00	1.54719e-10	2.00006e+00
4.62111e+00	1.55778e-10	2.00006e+00
4.63107e+00	1.56903e-10	2.00007e+00
4.64134e+00	1.58060e-10	2.00007e+00
4.65122e+00	1.58947e-10	2.00007e+00
4.66117e+00	1.60020e-10	2.00006e+00
4.67111e+00	1.61127e-10	2.00007e+00
4.68140e+00	1.62488e-10	2.00007e+00
4.69137e+00	1.63625e-10	2.00007e+00
4.70121e+00	1.64739e-10	2.00008e+00
4.71114e+00	1.65918e-10	2.00007e+00
4.72109e+00	1.67080e-10	2.00008e+00
4.73135e+00	1.68443e-10	2.00007e+00
4.74125e+00	1.69535e-10	2.00007e+00
4.75127e+00	1.70659e-10	2.00007e+00
4.76119e+00	1.71784e-10	2.00007e+00
4.77116e+00	1.73021e-10	2.00007e+00
4.78144e+00	1.74307e-10	2.00007e+00
4.79136e+00	1.75616e-10	2.00007e+00
4.80130e+00	1.76728e-10	2.00007e+00
4.81126e+00	1.77675e-10	2.00007e+00
4.82115e+00	1.78926e-10	2.00007e+00
4.83141e+00	1.80488e-10	2.00007e+00
4.84135e+00	1.81760e-10	2.00007e+00
4.85131e+00	1.83063e-10	2.00007e+00
4.86122e+00	1.84436e-10	2.00007e+00
4.87117e+00	1.85873e-10	2.00007e+00
4.88145e+00	1.87362e-10	2.00008e+00
4.89140e+00	1.88698e-10	2.00008e+00
4.90137e+00	1.89994e-10	2.00007e+00
4.91123e+00	1.91369e-10	2.00007e+00
4.92118e+00	1.92811e-10	2.00007e+00
4.93144e+00	1.94368e-10	2.00007e+00
4.94135e+00	1.95780e-10	2.00007e+00
4.95129e+00	1.97241e-10	2.00007e+00
4.96123e+00	1.98425e-10	2.00007e+00
4.97115e+00	1.99567e-10	2.00006e+00
4.98142e+00	2.01233e-10	2.00006e+00
4.99136e+00	2.02703e-10	2.00007e+00
5.00128e+00	2.04138e-10	2.00006e+00
2.70367e-05	-3.39842e-12	3.00127e+00
1.00901e-02	-3.11732e-13	3.00125e+00
2.00944e-02	3.68357e-13	3.00132e+00
3.00967e-02	9.64403e-13	3.00128e+00
4.01012e-02	1.57595e-12	3.00126e+00
5.01021e-02	2.20799e-12	3.00131e+00
6.00962e-02	2.80678e-12	3.00133e+00
7.01061e-02	3.43823e-12	3.00136e+00
8.01000e-02	4.08351e-12	3.00131e+00
9.01027e-02	4.71270e-12	3.00129e+00
1.00106e-01	5.31912e-12	3.00129e+00
1.10095e-01	5.94079e-12	3.00132e+00
1.20090e-01	6.56867e-12	3.00133e+00
1.30102e-01	7.16925e-12	3.00128e+00
1.40106e-01	7.79080e-12	3.00128e+00
1.50108e-01	8.36575e-12	3.00133e+00
1.60109e-01	8.94547e-12	3.00130e+00
1.70107e-01	9.55820e-12	3.00133e+00
1.80102e-01	1.00930e-11	3.00129e+00
1.90105e-01	1.06453e-11	3.00133e+00
2.00106e-01	1.12053e-11	3.00134e+00
2.10113e-01	1.17154e-11	3.00134e+00
2.20099e-01	1.21869e-11	3.00140e+00
2.30128e-01	1.26860e-11	3.00135e+00
2.40126e-01	1.31689e-11	3.00140e+00
2.50124e-01	1.36524e-11	3.00137e+00
2.60118e-01	1.40781e-11	3.00134e+00
2.70146e-01	1.45360e-11	3.00142e+00
2.80138e-01	1.49683e-11	3.00145e+00
2.90141e-01	1.53555e-11	3.00137e+00
3.00135e-01	1.57683e-11	3.00136e+00
3.10156e-01	1.61195e-11	3.00136e+00
3.20148e-01	1.64841e-11	3.00136e+00
3.30145e-01	1.68387e-11	3.00133e+00
3.40135e-01	1.71969e-11	3.00131e+00
3.50132e-01	1.75095e-11	3.00126e+00
3.60155e-01	1.78307e-11	3.00131e+00
3.70152e-01	1.81322e-11	3.00131e+00
3.80149e-01	1.84046e-11	3.00127e+00
3.90138e-01	1.86908e-11	3.00126e+00
4.00170e-01	1.89505e-11	3.00134e+00
4.10165e-01	1.92145e-11	3.00138e+00
4.20162e-01	1.94622e-11	3.00134e+00
4.30150e-01	1.97234e-11	3.00133e+00
4.40144e-01	1.99608e-11	3.00134e+00
4.50166e-01	2.01658e-11	3.00132e+00
4.60159e-01	2.03987e-11	3.00131e+00
4.70155e-01	2.06205e-11	3.00124e+00
4.80151e-01	2.08294e-11	3.00131e+00
4.90183e-01	2.10072e-11	3.00136e+00
5.00172e-01	2.11773e-11	3.00142e+00
5.10167e-01	2.13705e-11	3.00138e+00
5.20164e-01	2.15461e-11	3.00138e+00
5.30183e-01	2.17109e-11	3.00136e+00
5.40181e-01	2.19023e-11	3.00138e+00
5.50170e-01	2.20411e-11	3.00138e+00
5.60168e-01	2.21814e-11	3.00142e+00
5.70162e-01	2.23349e-11	3.00138e+00
5.80184e-01	2.24811e-11	3.00138e+00
5.90180e-01	2.26164e-11	3.00129e+00
6.00165e-01	2.27439e-11	3.00133e+00
6.10160e-01	2.28536e-11	3.00127e+00
6.20182e-01	2.29907e-11	3.00128e+00
6.30175e-01	2.31029e-11	3.00128e+00
6.40166e-01	2.32120e-11	3.00136e+00
6.50153e-01	2.33277e-11	3.00134e+00
6.60149e-01	2.34416e-11	3.00135e+00
6.70180e-01	2.35410e-11	3.00140e+00
6.80168e-01	2.36571e-11	3.00135e+00
6.90160e-01	2.37577e-11	3.00132e+00
7.00146e-01	2.38626e-11	3.00134e+00
7.10180e-01	2.39543e-11	3.00132e+00
7.20176e-01	2.40527e-11	3.00135e+00
7.30165e-01	2.41568e-11	3.00131e+00
7.40165e-01	2.42287e-11	3.00126e+00
7.50199e-01	2.43423e-11	3.00136e+00
7.60187e-01	2.44429e-11	3.00138e+00
7.70184e-01	2.45050e-11	3.00138e+00
7.80174e-01	2.45821e-11	3.00135e+00
7.90159e-01	2.46817e-11	3.00133e+00
8.00184e-01	2.47684e-11	3.00130e+00
8.10179e-01	2.48694e-11	3.00126e+00
8.20171e-01	2.49525e-11	3.00129e+00
8.30170e-01	2.50255e-11	3.00133e+00
8.40199e-01	2.51063e-11	3.00135e+00
8.50200e-01	2.51690e-11	3.00134e+00
8.60184e-01	2.52591e-11	3.00135e+00
8.70176e-01	2.53328e-11	3.00138e+00
8.80175e-01	2.54301e-11	3.00138e+00
8.90197e-01	2.55141e-11	3.00133e+00
9.00188e-01	2.56301e-11	3.00144e+00
9.10182e-01	2.57124e-11	3.00135e+00
9.20171e-01	2.57943e-11	3.00133e+00
9.30198e-01	2.58757e-11	3.00130e+00
9.40186e-01	2.59631e-11	3.00135e+00
9.50178e-01	2.60611e-11	3.00142e+00
9.60173e-01	2.61186e-11	3.00133e+00
9.70168e-01	2.62288e-11	3.00136e+00
9.80194e-01	2.63234e-11	3.00136e+00
9.90189e-01	2.64068e-11	3.00125e+00
1.00019e+00	2.64938e-11	3.00129e+00
1.01017e+00	2.65828e-11	3.00130e+00
1.02020e+00	2.66846e-11	3.00125e+00
1.03019e+00	2.67630e-11	3.00129e+00
1.04019e+00	2.68657e-11	3.00131e+00
1.05018e+00	2.69475e-11	3.00130e+00
1.06021e+00	2.70367e-11	3.00135e+00
1.07018e+00	2.71448e-11	3.00138e+00
1.08018e+00	2.72199e-11	3.00132e+00
1.09016e+00	2.73391e-11	3.00137e+00
1.10015e+00	2.74302e-11	3.00138e+00
1.11018e+00	2.75097e-11	3.00131e+00
1.12017e+00	2.76099e-11	3.00133e+00
1.13017e+00	2.77290e-11	3.00129e+00
1.14016e+00	2.78050e-11	3.00132e+00
1.15019e+00	2.78845e-11	3.00131e+00
1.16018e+00	2.79692e-11	3.00129e+00
1.17017e+00	2.80733e-11	3.00131e+00
1.18016e+00	2.81892e-11	3.00137e+00
1.19016e+00	2.82590e-11	3.00136e+00
1.20018e+00	2.83613e-11	3.00133e+00
1.21017e+00	2.84264e-11	3.00133e+00
1.22017e+00	2.85553e-11	3.00134e+00
1.23017e+00	2.86293e-11	3.00133e+00
1.24019e+00	2.86977e-11	3.00130e+00
1.25018e+00	2.88241e-11	3.00130e+00
1.26018e+00	2.89299e-11	3.00127e+00
1.27017e+00	2.90389e-11	3.00130e+00
1.28020e+00	2.91545e-11	3.00134e+00
1.29019e+00	2.92687e-11	3.00136e+00
1.30019e+00	2.93715e-11	3.00137e+00
1.31018e+00	2.94770e-11	3.00140e+00
1.32017e+00	2.96099e-11	3.00133e+00
1.33020e+00	2.97174e-11	3.00135e+00
1.34019e+00	2.98331e-11	3.00133e+00
1.35018e+00	2.99420e-11	3.00130e+00
1.36017e+00	3.00664e-11	3.00133e+00
1.37019e+00	3.01932e-11	3.00132e+00
1.38019e+00	3.03106e-11	3.00131e+00
1.39018e+00	3.03968e-11	3.00129e+00
1.40017e+00	3.05306e-11	3.00130e+00
1.41016e+00	3.06252e-11	3.00133e+00
1.42019e+00	3.07506e-11	3.00130e+00
1.43019e+00	3.08675e-11	3.00127e+00
1.44018e+00	3.10065e-11	3.00124e+00
1.45017e+00	3.11271e-11	3.00130e+00
1.46018e+00	3.12173e-11	3.00127e+00
1.47017e+00	3.13469e-11	3.00123e+00
1.48016e+00	3.14552e-11	3.00129e+00
1.49015e+00	3.16066e-11	3.00123e+00
1.50018e+00	3.17187e-11	3.00122e+00
1.51017e+00	3.18518e-11	3.00125e+00
1.52016e+00	3.19726e-11	3.00121e+00
1.53015e+00	3.20586e-11	3.00127e+00
1.54015e+00	3.21822e-11	3.00124e+00
1.55017e+00	3.22950e-11	3.00138e+00
1.56016e+00	3.23912e-11	3.00132e+00
1.57016e+00	3.25088e-11	3.00134e+00
1.58015e+00	3.26248e-11	3.00133e+00
1.59017e+00	3.27653e-11	3.00134e+00
1.60016e+00	3.28723e-11	3.00133e+00
1.61015e+00	3.29887e-11	3.00129e+00
1.62015e+00	3.30914e-11	3.00132e+00
1.63013e+00	3.32181e-11	3.00133e+00
1.64016e+00	3.34061e-11	3.00129e+00
1.65015e+00	3.36810e-11	3.00130e+00
1.66014e+00	3.41328e-11	3.00126e+00
1.67014e+00	3.49630e-11	3.00126e+00
1.68016e+00	3.62723e-11	3.00130e+00
1.69015e+00	3.80968e-11	3.00129e+00
1.70015e+00	4.03215e-11	3.00127e+00
1.71014e+00	4.29292e-11	3.00133e+00
1.72013e+00	4.56510e-11	3.00137e+00
1.73016e+00	4.84128e-11	3.00134e+00
1.74015e+00	5.12230e-11	3.00135e+00
1.75014e+00	5.40942e-11	3.00132e+00
1.76013e+00	5.70260e-11	3.00126e+00
1.77016e+00	5.99619e-11	3.00130e+00
1.78015e+00	6.29078e-11	3.00127e+00
1.79014e+00	6.58586e-11	3.00128e+00
1.80013e+00	6.87532e-11	3.00131e+00
1.81016e+00	7.16979e-11	3.00127e+00
1.82014e+00	7.45404e-11	3.00127e+00
1.83012e+00	7.74952e-11	3.00132e+00
1.84012e+00	8.03873e-11	3.00133e+00
1.85011e+00	8.32547e-11	3.00128e+00
1.86014e+00	8.61134e-11	3.00134e+00
1.87014e+00	8.89329e-11	3.00126e+00
1.88012e+00	9.16094e-11	3.00125e+00
1.89012e+00	9.43056e-11	3.00123e+00
1.90014e+00	9.69496e-11	3.00127e+00
1.91013e+00	9.97033e-11	3.00128e+00
1.92011e+00	1.02322e-10	3.00125e+00
1.93011e+00	1.04962e-10	3.00132e+00
1.94009e+00	1.07546e-10	3.00136e+00
1.95013e+00	1.10075e-10	3.00138e+00
1.96012e+00	1.12577e-10	3.00135e+00
1.97010e+00	1.15016e-10	3.00131e+00
1.98009e+00	1.17419e-10	3.00129e+00
1.99011e+00	1.19841e-10	3.00128e+00
2.00010e+00	1.22118e-10	3.00126e+00
2.01073e+00	1.24769e-10	3.00128e+00
2.02105e+00	1.27230e-10	3.00132e+00
2.03098e+00	1.29469e-10	3.00130e+00
2.04079e+00	1.31455e-10	3.00129e+00
2.05078e+00	1.33600e-10	3.00132e+00
2.06073e+00	1.35650e-10	3.00129e+00
2.07098e+00	1.37933e-10	3.00132e+00
2.08092e+00	1.40030e-10	3.00136e+00
2.09083e+00	1.42103e-10	3.00126e+00
2.10075e+00	1.44220e-10	3.00129e+00
2.11074e+00	1.46022e-10	3.00133e+00
2.12095e+00	1.48253e-10	3.00131e+00
2.13096e+00	1.50352e-10	3.00137e+00
2.14089e+00	1.52295e-10	3.00130e+00
2.15081e+00	1.54235e-10	3.00131e+00
2.16070e+00	1.56113e-10	3.00132e+00
2.17095e+00	1.58243e-10	3.00130e+00
2.18091e+00	1.60183e-10	3.00132e+00
2.19090e+00	1.61994e-10	3.00137e+00
2.20088e+00	1.63631e-10	3.00128e+00
2.21080e+00	1.65488e-10	3.00128e+00
2.22101e+00	1.67562e-10	3.00133e+00
2.23097e+00	1.69435e-10	3.00136e+00
2.24088e+00	1.71365e-10	3.00130e+00
2.25082e+00	1.73269e-10	3.00125e+00
2.26074e+00	1.75122e-10	3.00135e+00
2.27109e+00	1.77173e-10	3.00129e+00
2.28096e+00	1.79021e-10	3.00123e+00
2.29087e+00	1.80896e-10	3.00122e+00
2.30083e+00	1.82781e-10	3.00122e+00
2.31084e+00	1.84635e-10	3.00131e+00
2.32107e+00	1.86779e-10	3.00127e+00
2.33097e+00	1.88704e-10	3.00138e+00
2.34097e+00	1.90656e-10	3.00134e+00
2.35087e+00	1.92352e-10	3.00136e+00
2.36078e+00	1.93839e-10	3.00132e+00
2.37106e+00	1.95916e-10	3.00129e+00
2.38102e+00	1.97864e-10	3.00134e+00
2.39097e+00	1.99585e-10	3.00128e+00
2.40092e+00	2.01487e-10	3.00128e+00
2.41081e+00	2.03439e-10	3.00127e+00
2.42111e+00	2.05576e-10	3.00136e+00
2.43098e+00	2.07485e-10	3.00130e+00
2.44093e+00	2.09406e-10	3.00129e+00
2.45089e+00	2.11352e-10	3.00129e+00
2.46085e+00	2.13406e-10	3.00129e+00
2.47107e+00	2.15564e-10	3.00130e+00
2.48104e+00	2.17616e-10	3.00128e+00
2.49097e+00	2.19513e-10	3.00127e+00
2.50090e+00	2.21348e-10	3.00122e+00
2.51084e+00	2.23154e-10	3.00125e+00
2.52110e+00	2.25030e-10	3.00128e+00
2.53102e+00	2.27040e-10	3.00131e+00
2.54098e+00	2.28984e-10	3.00134e+00
2.55083e+00	2.30928e-10	3.00131e+00
2.56078e+00	2.32955e-10	3.00131e+00
2.57108e+00	2.35226e-10	3.00127e+00
2.58103e+00	2.37285e-10	3.00130e+00
2.59099e+00	2.39226e-10	3.00128e+00
2.60086e+00	2.41159e-10	3.00133e+00
2.61083e+00	2.43176e-10	3.00122e+00
2.62109e+00	2.45658e-10	3.00124e+00
2.63104e+00	2.47745e-10	3.00127e+00
2.64091e+00	2.49829e-10	3.00132e+00
2.65089e+00	2.51835e-10	3.00128e+00
2.66115e+00	2.54202e-10	3.00128e+00
2.67111e+00	2.56246e-10	3.00132e+00
2.68099e+00	2.57801e-10	3.00132e+00
2.69089e+00	2.59981e-10	3.00132e+00
2.70090e+00	2.62140e-10	3.00128e+00
2.71116e+00	2.64637e-10	3.00126e+00
2.72108e+00	2.66977e-10	3.00128e+00
2.73105e+00	2.69250e-10	3.00133e+00
2.74094e+00	2.71389e-10	3.00130e+00
2.75090e+00	2.73562e-10	3.00127e+00
2.76117e+00	2.76305e-10	3.00128e+00
2.77112e+00	2.78586e-10	3.00129e+00
2.78105e+00	2.80789e-10	3.00131e+00
2.79099e+00	2.83110e-10	3.00134e+00
2.80088e+00	2.85276e-10	3.00134e+00
2.81115e+00	2.87804e-10	3.00134e+00
2.82109e+00	2.90191e-10	3.00136e+00
2.83099e+00	2.92164e-10	3.00131e+00
2.84094e+00	2.93857e-10	3.00127e+00
2.85088e+00	2.96116e-10	3.00120e+00
2.86113e+00	2.98814e-10	3.00123e+00
2.87106e+00	3.01201e-10	3.00124e+00
2.88101e+00	3.03751e-10	3.00127e+00
2.89088e+00	3.06144e-10	3.00125e+00
2.90084e+00	3.08577e-10	3.00129e+00
2.91113e+00	3.11390e-10	3.00127e+00
2.92104e+00	3.13890e-10	3.00122e+00
2.93096e+00	3.16370e-10	3.00128e+00
2.94097e+00	3.18932e-10	3.00125e+00
2.95100e+00	3.21558e-10	3.00123e+00
2.96123e+00	3.24413e-10	3.00128e+00
2.97118e+00	3.27127e-10	3.00130e+00
2.98108e+00	3.29633e-10	3.00126e+00
2.99098e+00	3.32087e-10	3.00124e+00
3.00101e+00	3.34134e-10	3.00129e+00
3.01117e+00	3.37139e-10	3.00131e+00
3.02106e+00	3.39832e-10	3.00127e+00
3.03104e+00	3.42550e-10	3.00128e+00
3.04100e+00	3.45250e-10	3.00126e+00
3.05089e+00	3.47924e-10	3.00121e+00
3.06114e+00	3.51071e-10	3.00123e+00
3.07111e+00	3.53839e-10	3.00120e+00
3.08100e+00	3.56573e-10	3.00121e+00
3.09090e+00	3.59332e-10	3.00121e+00
3.10085e+00	3.61847e-10	3.00123e+00
3.11118e+00	3.65443e-10	3.00124e+00
3.12116e+00	3.68417e-10	3.00124e+00
3.13113e+00	3.70997e-10	3.00130e+00
3.14101e+00	3.73711e-10	3.00133e+00
3.15094e+00	3.76266e-10	3.00130e+00
3.16116e+00	3.78789e-10	3.00130e+00
3.17115e+00	3.81904e-10	3.00133e+00
3.18106e+00	3.84715e-10	3.00134e+00
3.19100e+00	3.87694e-10	3.00139e+00
3.20091e+00	3.90685e-10	3.00126e+00
3.21116e+00	3.94043e-10	3.00123e+00
3.22106e+00	3.96977e-10	3.00121e+00
3.23099e+00	3.99957e-10	3.00126e+00
3.24091e+00	4.02989e-10	3.00125e+00
3.25088e+00	4.05851e-10	3.00126e+00
3.26111e+00	4.09327e-10	3.00123e+00
3.27100e+00	4.12274e-10	3.00126e+00
3.28100e+00	4.15494e-10	3.00129e+00
3.29097e+00	4.18686e-10	3.00128e+00
3.30094e+00	4.21740e-10	3.00126e+00
3.31112e+00	4.24856e-10	3.00130e+00
3.32103e+00	4.27143e-10	3.00128e+00
3.33098e+00	4.29790e-10	3.00128e+00
3.34100e+00	4.32937e-10	3.00132e+00
3.35121e+00	4.36617e-10	3.00128e+00
3.36118e+00	4.40022e-10	3.00136e+00
3.37114e+00	4.43183e-10	3.00131e+00
3.38109e+00	4.46348e-10	3.00126e+00
3.39097e+00	4.49637e-10	3.00121e+00
3.40122e+00	4.53236e-10	3.00125e+00
3.41110e+00	4.56332e-10	3.00123e+00
3.42101e+00	4.59482e-10	3.00118e+00
3.43097e+00	4.62976e-10	3.00126e+00
3.44099e+00	4.66404e-10	3.00122e+00
3.45129e+00	4.70274e-10	3.00129e+00
3.46123e+00	4.73512e-10	3.00128e+00
3.47125e+00	4.76319e-10	3.00130e+00
3.48113e+00	4.79034e-10	3.00126e+00
3.49103e+00	4.82724e-10	3.00123e+00
3.50130e+00	4.86937e-10	3.00124e+00
3.51123e+00	4.90907e-10	3.00127e+00
3.52113e+00	4.94825e-10	3.00122e+00
3.53103e+00	4.98479e-10	3.00124e+00
3.54100e+00	5.02228e-10	3.00129e+00
3.55127e+00	5.06473e-10	3.00125e+00
3.56112e+00	5.09908e-10	3.00123e+00
3.57113e+00	5.13564e-10	3.00123e+00
3.58109e+00	5.17392e-10	3.00128e+00
3.59107e+00	5.20979e-10	3.00128e+00
3.60131e+00	5.25607e-10	3.00131e+00
3.61123e+00	5.29463e-10	3.00134e+00
3.62112e+00	5.33212e-10	3.00128e+00
3.63107e+00	5.36826e-10	3.00130e+00
3.64103e+00	5.39971e-10	3.00131e+00
3.65128e+00	5.44330e-10	3.00128e+00
3.66120e+00	5.48416e-10	3.00132e+00
3.67114e+00	5.52591e-10	3.00126e+00
3.68106e+00	5.56594e-10	3.00132e+00
3.69103e+00	5.60791e-10	3.00137e+00
3.70131e+00	5.65772e-10	3.00141e+00
3.71128e+00	5.69813e-10	3.00134e+00
3.72118e+00	5.73979e-10	3.00132e+00
3.73114e+00	5.78429e-10	3.00134e+00
3.74104e+00	5.82784e-10	3.00132e+00
3.75132e+00	5.87795e-10	3.00131e+00
3.76126e+00	5.92243e-10	3.00129e+00
3.77115e+00	5.95802e-10	3.00134e+00
3.78107e+00	6.00138e-10	3.00133e+00
3.79100e+00	6.03950e-10	3.00126e+00
3.80124e+00	6.07724e-10	3.00129e+00
3.81119e+00	6.12301e-10	3.00130e+00
3.82118e+00	6.16822e-10	3.00127e+00
3.83113e+00	6.21041e-10	3.00134e+00
3.84101e+00	6.25763e-10	3.00129e+00
3.85133e+00	6.30911e-10	3.00130e+00
3.86123e+00	6.35891e-10	3.00133e+00
3.87115e+00	6.40630e-10	3.00130e+00
3.88110e+00	6.45511e-10	3.00133e+00
3.89107e+00	6.50246e-10	3.00136e+00
3.90130e+00	6.55600e-10	3.00136e+00
3.91122e+00	6.60742e-10	3.00131e+00
3.92117e+00	6.65779e-10	3.00131e+00
3.93110e+00	6.70982e-10	3.00128e+00
3.94103e+00	6.75943e-10	3.00137e+00
3.95131e+00	6.81047e-10	3.00130e+00
3.96128e+00	6.85177e-10	3.00128e+00
3.97122e+00	6.90211e-10	3.00126e+00
3.98115e+00	6.95356e-10	3.00124e+00
3.99103e+00	7.00585e-10	3.00126e+00
4.00128e+00	7.06600e-10	3.00129e+00
4.01123e+00	7.12282e-10	3.00132e+00
4.02116e+00	7.17123e-10	3.00131e+00
4.03107e+00	7.22842e-10	3.00131e+00
4.04136e+00	7.28666e-10	3.00122e+00
4.05128e+00	7.33894e-10	3.00124e+00
4.06122e+00	7.39162e-10	3.00126e+00
4.07110e+00	7.44477e-10	3.00128e+00
4.08107e+00	7.49845e-10	3.00130e+00
4.09134e+00	7.56132e-10	3.00128e+00
4.10128e+00	7.61719e-10	3.00127e+00
4.11123e+00	7.66791e-10	3.00122e+00
4.12115e+00	7.71008e-10	3.00125e+00
4.13117e+00	7.75829e-10	3.00127e+00
4.14138e+00	7.82622e-10	3.00127e+00
4.15130e+00	7.88463e-10	3.00128e+00
4.16126e+00	7.94599e-10	3.00135e+00
4.17122e+00	8.00749e-10	3.00132e+00
4.18119e+00	8.07251e-10	3.00129e+00
4.19138e+00	8.13791e-10	3.00128e+00
4.20132e+00	8.20261e-10	3.00128e+00
4.21131e+00	8.26301e-10	3.00128e+00
4.22122e+00	8.32548e-10	3.00127e+00
4.23121e+00	8.38576e-10	3.00127e+00
4.24144e+00	8.46173e-10	3.00125e+00
4.25136e+00	8.52317e-10	3.00129e+00
4.26134e+00	8.58673e-10	3.00129e+00
4.27128e+00	8.63395e-10	3.00130e+00
4.28117e+00	8.67680e-10	3.00126e+00
4.29136e+00	8.75231e-10	3.00134e+00
4.30134e+00	8.81921e-10	3.00131e+00
4.31131e+00	8.88551e-10	3.00129e+00
4.32122e+00	8.95173e-10	3.00128e+00
4.33115e+00	9.02153e-10	3.00129e+00
4.34143e+00	9.10267e-10	3.00130e+00
4.35138e+00	9.16541e-10	3.00123e+00
4.36126e+00	9.22969e-10	3.00127e+00
4.37121e+00	9.29726e-10	3.00135e+00
4.38112e+00	9.36758e-10	3.00134e+00
4.39138e+00	9.45033e-10	3.00134e+00
4.40128e+00	9.51935e-10	3.00126e+00
4.41121e+00	9.58677e-10	3.00123e+00
4.42119e+00	9.65713e-10	3.00125e+00
4.43113e+00	9.72385e-10	3.00136e+00
4.44142e+00	9.79456e-10	3.00125e+00
4.45135e+00	9.86412e-10	3.00119e+00
4.46124e+00	9.93311e-10	3.00124e+00
4.47115e+00	9.94226e-10	3.00124e+00
4.48111e+00	1.01020e-09	3.00127e+00
4.49137e+00	1.03466e-09	3.00124e+00
4.50128e+00	1.06466e-09	3.00125e+00
4.51125e+00	1.10126e-09	3.00123e+00
4.52117e+00	1.14246e-09	3.00125e+00
4.53109e+00	1.18766e-09	3.00125e+00
4.54134e+00	1.23660e-09	3.00127e+00
4.55125e+00	1.28748e-09	3.00128e+00
4.56121e+00	1.34049e-09	3.00126e+00
4.57114e+00	1.39548e-09	3.00126e+00
4.58108e+00	1.45198e-09	3.00125e+00
4.59136e+00	1.51215e-09	3.00125e+00
4.60128e+00	1.57287e-09	3.00124e+00
4.61118e+00	1.63529e-09	3.00122e+00
4.62111e+00	1.69961e-09	3.00119e+00
4.63104e+00	1.76518e-09	3.00119e+00
4.64133e+00	1.83436e-09	3.00122e+00
4.65129e+00	1.90558e-09	3.00126e+00
4.66124e+00	1.97726e-09	3.00125e+00
4.67120e+00	2.05135e-09	3.00126e+00
4.68147e+00	2.12958e-09	3.00130e+00
4.69139e+00	2.20686e-09	3.00131e+00
4.70129e+00	2.28774e-09	3.00128e+00
4.71123e+00	2.37057e-09	3.00126e+00
4.72118e+00	2.45445e-09	3.00127e+00
4.73143e+00	2.54361e-09	3.00126e+00
4.74140e+00	2.63382e-09	3.00126e+00
4.75141e+00	2.72517e-09	3.00126e+00
4.76133e+00	2.82047e-09	3.00125e+00
4.77129e+00	2.91672e-09	3.00129e+00
4.78153e+00	3.01735e-09	3.00124e+00
4.79142e+00	3.12014e-09	3.00128e+00
4.80134e+00	3.22190e-09	3.00130e+00
4.81130e+00	3.32824e-09	3.00128e+00
4.82120e+00	3.43556e-09	3.00127e+00
4.83147e+00	3.55002e-09	3.00132e+00
4.84141e+00	3.66404e-09	3.00135e+00
4.85136e+00	3.78065e-09	3.00131e+00
4.86133e+00	3.89840e-09	3.00129e+00
4.87120e+00	4.01882e-09	3.00132e+00
4.88143e+00	4.14582e-09	3.00130e+00
4.89138e+00	4.27385e-09	3.00125e+00
4.90131e+00	4.40418e-09	3.00125e+00
4.91122e+00	4.53704e-09	3.00128e+00
4.92120e+00	4.67291e-09	3.00124e+00
4.93147e+00	4.81579e-09	3.00128e+00
4.94140e+00	4.95859e-09	3.00124e+00
4.95138e+00	5.10287e-09	3.00127e+00
4.96130e+00	5.25077e-09	3.00126e+00
4.97119e+00	5.40102e-09	3.00123e+00
4.98142e+00	5.55593e-09	3.00123e+00
4.99136e+00	5.71550e-09	3.00125e+00
5.00133e+00	5.87478e-09	3.00125e+00
3.59535e-05	-1.75631e-12	4.00135e+00
1.01009e-02	4.90761e-12	4.00138e+00
2.00991e-02	1.14765e-11	4.00134e+00
3.01012e-02	1.79613e-11	4.00132e+00
4.01021e-02	2.42673e-11	4.00136e+00
5.01023e-02	3.01627e-11	4.00136e+00
6.01016e-02	3.56349e-11	4.00137e+00
7.01038e-02	4.08082e-11	4.00133e+00
8.01084e-02	4.56526e-11	4.00136e+00
9.01077e-02	5.02065e-11	4.00138e+00
1.00105e-01	5.44902e-11	4.00137e+00
1.10097e-01	5.85585e-11	4.00135e+00
1.20098e-01	6.23844e-11	4.00130e+00
1.30111e-01	6.59614e-11	4.00133e+00
1.40110e-01	6.93321e-11	4.00136e+00
1.50105e-01	7.26360e-11	4.00134e+00
1.60104e-01	7.57490e-11	4.00140e+00
1.70104e-01	7.86813e-11	4.00135e+00
1.80105e-01	8.15365e-11	4.00141e+00
1.90102e-01	8.43141e-11	4.00140e+00
2.00105e-01	8.69573e-11	4.00140e+00
2.10115e-01	8.94706e-11	4.00139e+00
2.20102e-01	9.18486e-11	4.00141e+00
2.30132e-01	9.41573e-11	4.00140e+00
2.40119e-01	9.63893e-11	4.00132e+00
2.50118e-01	9.84690e-11	4.00137e+00
2.60117e-01	1.00505e-10	4.00135e+00
2.70146e-01	1.02477e-10	4.00135e+00
2.80137e-01	1.04362e-10	4.00132e+00
2.90131e-01	1.06210e-10	4.00134e+00
3.00119e-01	1.07963e-10	4.00134e+00
3.10153e-01	1.09585e-10	4.00133e+00
3.20149e-01	1.11260e-10	4.00137e+00
3.30136e-01	1.12845e-10	4.00143e+00
3.40131e-01	1.14322e-10	4.00135e+00
3.50127e-01	1.15786e-10	4.00141e+00
3.60155e-01	1.17131e-10	4.00136e+00
3.70149e-01	1.18418e-10	4.00127e+00
3.80145e-01	1.19627e-10	4.00134e+00
3.90140e-01	1.20861e-10	4.00137e+00
4.00162e-01	1.22032e-10	4.00134e+00
4.10160e-01	1.23155e-10	4.00139e+00
4.20156e-01	1.24251e-10	4.00142e+00
4.30144e-01	1.25339e-10	4.00146e+00
4.40137e-01	1.26358e-10	4.00135e+00
4.50167e-01	1.27330e-10	4.00131e+00
4.60162e-01	1.28301e-10	4.00134e+00
4.70153e-01	1.29240e-10	4.00135e+00
4.80154e-01	1.30130e-10	4.00138e+00
4.90184e-01	1.30950e-10	4.00137e+00
5.00170e-01	1.31946e-10	4.00136e+00
5.10160e-01	1.32592e-10	4.00131e+00
5.20162e-01	1.33256e-10	4.00133e+00
5.30187e-01	1.34031e-10	4.00132e+00
5.40179e-01	1.34744e-10	4.00134e+00
5.50174e-01	1.35436e-10	4.00133e+00
5.60168e-01	1.36156e-10	4.00134e+00
5.70160e-01	1.36837e-10	4.00136e+00
5.80189e-01	1.37601e-10	4.00134e+00
5.90182e-01	1.38279e-10	4.00134e+00
6.00178e-01	1.38870e-10	4.00136e+00
6.10173e-01	1.39548e-10	4.00131e+00
6.20197e-01	1.40168e-10	4.00133e+00
6.30182e-01	1.40766e-10	4.00129e+00
6.40174e-01	1.41337e-10	4.00132e+00
6.50162e-01	1.41724e-10	4.00128e+00
6.60146e-01	1.42159e-10	4.00133e+00
6.70175e-01	1.42370e-10	4.00136e+00
6.80164e-01	1.42785e-10	4.00139e+00
6.90160e-01	1.43221e-10	4.00135e+00
7.00159e-01	1.43759e-10	4.00134e+00
7.10192e-01	1.44272e-10	4.00137e+00
7.20179e-01	1.44680e-10	4.00137e+00
7.30170e-01	1.45199e-10	4.00135e+00
7.40167e-01	1.45672e-10	4.00132e+00
7.50193e-01	1.46109e-10	4.00134e+00
7.60191e-01	1.46485e-10	4.00140e+00
7.70181e-01	1.47059e-10	4.00141e+00
7.80171e-01	1.47495e-10	4.00140e+00
7.90158e-01	1.47912e-10	4.00137e+00
8.00180e-01	1.48379e-10	4.00140e+00
8.10172e-01	1.48817e-10	4.00137e+00
8.20166e-01	1.49338e-10	4.00141e+00
8.30162e-01	1.49771e-10	4.00136e+00
8.40201e-01	1.50216e-10	4.00134e+00
8.50191e-01	1.50712e-10	4.00136e+00
8.60187e-01	1.51265e-10	4.00137e+00
8.70181e-01	1.51634e-10	4.00135e+00
8.80167e-01	1.52086e-10	4.00130e+00
8.90196e-01	1.52615e-10	4.00133e+00
9.00189e-01	1.53238e-10	4.00143e+00
9.10178e-01	1.53682e-10	4.00141e+00
9.20171e-01	1.54212e-10	4.00142e+00
9.30201e-01	1.54076e-10	4.00141e+00
9.40195e-01	1.54616e-10	4.00143e+00
9.50190e-01	1.55188e-10	4.00144e+00
9.60186e-01	1.55640e-10	4.00146e+00
9.70176e-01	1.56042e-10	4.00149e+00
9.80202e-01	1.56696e-10	4.00142e+00
9.90194e-01	1.57213e-10	4.00139e+00
1.00019e+00	1.57691e-10	4.00132e+00
1.01018e+00	1.58337e-10	4.00135e+00
1.02021e+00	1.58946e-10	4.00131e+00
1.03020e+00	1.59559e-10	4.00130e+00
1.04019e+00	1.60133e-10	4.00135e+00
1.05017e+00	1.60774e-10	4.00136e+00
1.06020e+00	1.61427e-10	4.00138e+00
1.07020e+00	1.62029e-10	4.00145e+00
1.08019e+00	1.62699e-10	4.00142e+00
1.09018e+00	1.63359e-10	4.00137e+00
1.10016e+00	1.63985e-10	4.00141e+00
1.11020e+00	1.64611e-10	4.00136e+00
1.12018e+00	1.65229e-10	4.00139e+00
1.13017e+00	1.65874e-10	4.00135e+00
1.14017e+00	1.66455e-10	4.00137e+00
1.15020e+00	1.67015e-10	4.00138e+00
1.16018e+00	1.67595e-10	4.00137e+00
1.17017e+00	1.68222e-10	4.00137e+00
1.18016e+00	1.68882e-10	4.00127e+00
1.19016e+00	1.69568e-10	4.00136e+00
1.20019e+00	1.70000e-10	4.00135e+00
1.21018e+00	1.70654e-10	4.00136e+00
1.22017e+00	1.71318e-10	4.00131e+00
1.23017e+00	1.71998e-10	4.00133e+00
1.24019e+00	1.72647e-10	4.00131e+00
1.25018e+00	1.73341e-10	4.00131e+00
1.26017e+00	1.73990e-10	4.00131e+00
1.27017e+00	1.74636e-10	4.00136e+00
1.28020e+00	1.75689e-10	4.00127e+00
1.29019e+00	1.76225e-10	4.00124e+00
1.30019e+00	1.76860e-10	4.00129e+00
1.31017e+00	1.77410e-10	4.00133e+00
1.32017e+00	1.78027e-10	4.00136e+00
1.33020e+00	1.78642e-10	4.00137e+00
1.34019e+00	1.78992e-10	4.00137e+00
1.35018e+00	1.79720e-10	4.00139e+00
1.36018e+00	1.80485e-10	4.00136e+00
1.37021e+00	1.81174e-10	4.00134e+00
1.38020e+00	1.81829e-10	4.00133e+00
1.39019e+00	1.82515e-10	4.00132e+00
1.40018e+00	1.83272e-10	4.00133e+00
1.41017e+00	1.83887e-10	4.00134e+00
1.42019e+00	1.84620e-10	4.00135e+00
1.43019e+00	1.85253e-10	4.00141e+00
1.44018e+00	1.85881e-10	4.00135e+00
1.45017e+00	1.86528e-10	4.00141e+00
1.46020e+00	1.87198e-10	4.00140e+00
1.47018e+00	1.87686e-10	4.00143e+00
1.48018e+00	1.88161e-10	4.00139e+00
1.49017e+00	1.88706e-10	4.00135e+00
1.50020e+00	1.89225e-10	4.00140e+00
1.51018e+00	1.89673e-10	4.00136e+00
1.52018e+00	1.90009e-10	4.00138e+00
1.53017e+00	1.90387e-10	4.00141e+00
1.54016e+00	1.90626e-10	4.00140e+00
1.55019e+00	1.91009e-10	4.00143e+00
1.56018e+00	1.91242e-10	4.00136e+00
1.57017e+00	1.91431e-10	4.00133e+00
1.58016e+00	1.91474e-10	4.00134e+00
1.59019e+00	1.91444e-10	4.00131e+00
1.60018e+00	1.91437e-10	4.00141e+00
1.61017e+00	1.91433e-10	4.00141e+00
1.62016e+00	1.91449e-10	4.00140e+00
1.63015e+00	1.91510e-10	4.00133e+00
1.64017e+00	1.91897e-10	4.00130e+00
1.65017e+00	1.93030e-10	4.00128e+00
1.66016e+00	1.95470e-10	4.00132e+00
1.67015e+00	2.00047e-10	4.00134e+00
1.68017e+00	2.07466e-10	4.00131e+00
1.69016e+00	2.17875e-10	4.00133e+00
1.70016e+00	2.30592e-10	4.00133e+00
1.71014e+00	2.45039e-10	4.00136e+00
1.72013e+00	2.60396e-10	4.00131e+00
1.73016e+00	2.76483e-10	4.00138e+00
1.74015e+00	2.92893e-10	4.00135e+00
1.75014e+00	3.09563e-10	4.00129e+00
1.76013e+00	3.26454e-10	4.00129e+00
1.77014e+00	3.43630e-10	4.00128e+00
1.78014e+00	3.60850e-10	4.00130e+00
1.79013e+00	3.78498e-10	4.00129e+00
1.80012e+00	3.95850e-10	4.00132e+00
1.81014e+00	4.13404e-10	4.00135e+00
1.82014e+00	4.31138e-10	4.00131e+00
1.83013e+00	4.48919e-10	4.00131e+00
1.84012e+00	4.66837e-10	4.00131e+00
1.85012e+00	4.84939e-10	4.00133e+00
1.86014e+00	5.03099e-10	4.00142e+00
1.87013e+00	5.21112e-10	4.00141e+00
1.88012e+00	5.38851e-10	4.00137e+00
1.89012e+00	5.57226e-10	4.00138e+00
1.90014e+00	5.75362e-10	4.00134e+00
1.91013e+00	5.93418e-10	4.00135e+00
1.92013e+00	6.11498e-10	4.00131e+00
1.93011e+00	6.29310e-10	4.00136e+00
1.94010e+00	6.47352e-10	4.00135e+00
1.95012e+00	6.65248e-10	4.00140e+00
1.96012e+00	6.82089e-10	4.00136e+00
1.97011e+00	6.99318e-10	4.00139e+00
1.98009e+00	7.16795e-10	4.00140e+00
1.99012e+00	7.34053e-10	4.00132e+00
2.00012e+00	7.50733e-10	4.00132e+00
2.01084e+00	7.69466e-10	4.00135e+00
2.02106e+00	7.87700e-10	4.00137e+00
2.03099e+00	8.04309e-10	4.00133e+00
2.04094e+00	8.20344e-10	4.00137e+00
2.05087e+00	8.36327e-10	4.00136e+00
2.06085e+00	8.51512e-10	4.00131e+00
2.07111e+00	8.67821e-10	4.00131e+00
2.08104e+00	8.83358e-10	4.00130e+00
2.09098e+00	8.98190e-10	4.00134e+00
2.10091e+00	9.12786e-10	4.00137e+00
2.11079e+00	9.26674e-10	4.00135e+00
2.12106e+00	9.41101e-10	4.00132e+00
2.13103e+00	9.55483e-10	4.00132e+00
2.14094e+00	9.69270e-10	4.00129e+00
2.15084e+00	9.81834e-10	4.00133e+00
2.16073e+00	9.95600e-10	4.00133e+00
2.17095e+00	1.00508e-09	4.00134e+00
2.18090e+00	1.02093e-09	4.00136e+00
2.19087e+00	1.04314e-09	4.00136e+00
2.20080e+00	1.07149e-09	4.00136e+00
2.21071e+00	1.10717e-09	4.00138e+00
2.22101e+00	1.14890e-09	4.00142e+00
2.23095e+00	1.19561e-09	4.00140e+00
2.24087e+00	1.24646e-09	4.00139e+00
2.25081e+00	1.30070e-09	4.00140e+00
2.26072e+00	1.35893e-09	4.00138e+00
2.27103e+00	1.42097e-09	4.00139e+00
2.28101e+00	1.48583e-09	4.00140e+00
2.29092e+00	1.55267e-09	4.00139e+00
2.30085e+00	1.62203e-09	4.00141e+00
2.31076e+00	1.69347e-09	4.00140e+00
2.32105e+00	1.76975e-09	4.00138e+00
2.33095e+00	1.84710e-09	4.00136e+00
2.34092e+00	1.92778e-09	4.00136e+00
2.35086e+00	2.01109e-09	4.00136e+00
2.36081e+00	2.09539e-09	4.00138e+00
2.37108e+00	2.18611e-09	4.00136e+00
2.38100e+00	2.27769e-09	4.00139e+00
2.39093e+00	2.37201e-09	4.00138e+00
2.40087e+00	2.46986e-09	4.00137e+00
2.41080e+00	2.57128e-09	4.00139e+00
2.42104e+00	2.67573e-09	4.00138e+00
2.43098e+00	2.78436e-09	4.00138e+00
2.44094e+00	2.89508e-09	4.00137e+00
2.45088e+00	3.00907e-09	4.00141e+00
2.46080e+00	3.12532e-09	4.00140e+00
2.47104e+00	3.24921e-09	4.00139e+00
2.48100e+00	3.37415e-09	4.00136e+00
2.49098e+00	3.50307e-09	4.00138e+00
2.50091e+00	3.63501e-09	4.00132e+00
2.51086e+00	3.77249e-09	4.00134e+00
2.52112e+00	3.91576e-09	4.00135e+00
2.53107e+00	4.06110e-09	4.00134e+00
2.54099e+00	4.20923e-09	4.00132e+00
2.55091e+00	4.36375e-09	4.00131e+00
2.56086e+00	4.51778e-09	4.00131e+00
2.57110e+00	4.68211e-09	4.00133e+00
2.58101e+00	4.85072e-09	4.00137e+00
2.59094e+00	5.02005e-09	4.00137e+00
2.60089e+00	5.19540e-09	4.00139e+00
2.61083e+00	5.37455e-09	4.00139e+00
2.62114e+00	5.56346e-09	4.00141e+00
2.63104e+00	5.75516e-09	4.00140e+00
2.64098e+00	5.95020e-09	4.00138e+00
2.65091e+00	6.14752e-09	4.00140e+00
2.66112e+00	6.35787e-09	4.00138e+00
2.67105e+00	6.56912e-09	4.00138e+00
2.68098e+00	6.78304e-09	4.00143e+00
2.69090e+00	7.00223e-09	4.00140e+00
2.70089e+00	7.22876e-09	4.00141e+00
2.71116e+00	7.46658e-09	4.00139e+00
2.72110e+00	7.70744e-09	4.00137e+00
2.73103e+00	7.94932e-09	4.00140e+00
2.74095e+00	8.20210e-09	4.00136e+00
2.75089e+00	8.45039e-09	4.00138e+00
2.76111e+00	8.73654e-09	4.00137e+00
2.77104e+00	8.97805e-09	4.00133e+00
2.78099e+00	9.23498e-09	4.00135e+00
2.79088e+00	9.50380e-09	4.00134e+00
2.80082e+00	9.77625e-09	4.00136e+00
2.81111e+00	1.00998e-08	4.00134e+00
2.82108e+00	1.02830e-08	4.00132e+00
2.83102e+00	1.05345e-08	4.00132e+00
2.84096e+00	1.08141e-08	4.00132e+00
2.85091e+00	1.11544e-08	4.00136e+00
2.86118e+00	1.15456e-08	4.00137e+00
2.87110e+00	1.19870e-08	4.00136e+00
2.88103e+00	1.24539e-08	4.00136e+00
2.89094e+00	1.29543e-08	4.00135e+00
2.90087e+00	1.34885e-08	4.00136e+00
2.91115e+00	1.40580e-08	4.00136e+00
2.92105e+00	1.46446e-08	4.00135e+00
2.93097e+00	1.52555e-08	4.00138e+00
2.94090e+00	1.58889e-08	4.00141e+00
2.95089e+00	1.65531e-08	4.00137e+00
2.96114e+00	1.72509e-08	4.00135e+00
2.97102e+00	1.79659e-08	4.00136e+00
2.98095e+00	1.86984e-08	4.00134e+00
2.99089e+00	1.94736e-08	4.00136e+00
3.00083e+00	2.02579e-08	4.00135e+00
3.01106e+00	2.10932e-08	4.00134e+00
3.02099e+00	2.19591e-08	4.00140e+00
3.03096e+00	2.28373e-08	4.00136e+00
3.04091e+00	2.37535e-08	4.00136e+00
3.05084e+00	2.46921e-08	4.00135e+00
3.06113e+00	2.56817e-08	4.00138e+00
3.07104e+00	2.67006e-08	4.00139e+00
3.08100e+00	2.77514e-08	4.00138e+00
3.09092e+00	2.88438e-08	4.00136e+00
3.10086e+00	2.99608e-08	4.00140e+00
3.11113e+00	3.11414e-08	4.00138e+00
3.12106e+00	3.23355e-08	4.00136e+00
3.13103e+00	3.35836e-08	4.00139e+00
3.14093e+00	3.48619e-08	4.00138e+00
3.15089e+00	3.61869e-08	4.00137e+00
3.16116e+00	3.75747e-08	4.00137e+00
3.17106e+00	3.89989e-08	4.00138e+00
3.18099e+00	4.04846e-08	4.00138e+00
3.19093e+00	4.20056e-08	4.00139e+00
3.20087e+00	4.35584e-08	4.00142e+00
3.21112e+00	4.51838e-08	4.00141e+00
3.22106e+00	4.68642e-08	4.00139e+00
3.23096e+00	4.85569e-08	4.00141e+00
3.24090e+00	5.03272e-08	4.00138e+00
3.25085e+00	5.21333e-08	4.00141e+00
3.26111e+00	5.40508e-08	4.00141e+00
3.27104e+00	5.60142e-08	4.00141e+00
3.28102e+00	5.80012e-08	4.00140e+00
3.29097e+00	6.00590e-08	4.00141e+00
3.30089e+00	6.21727e-08	4.00140e+00
3.31116e+00	6.43979e-08	4.00140e+00
3.32107e+00	6.66936e-08	4.00136e+00
3.33103e+00	6.90216e-08	4.00138e+00
3.34095e+00	7.13936e-08	4.00139e+00
3.35122e+00	7.39139e-08	4.00136e+00
3.36112e+00	7.64724e-08	4.00138e+00
3.37106e+00	7.90764e-08	4.00139e+00
3.38100e+00	8.17695e-08	4.00138e+00
3.39093e+00	8.45663e-08	4.00139e+00
3.40118e+00	8.74584e-08	4.00141e+00
3.41114e+00	9.04042e-08	4.00142e+00
3.42106e+00	9.34127e-08	4.00143e+00
3.43098e+00	9.64755e-08	4.00142e+00
3.44095e+00	9.97452e-08	4.00141e+00
3.45119e+00	1.03765e-07	4.00141e+00
3.46120e+00	1.06474e-07	4.00141e+00
3.47115e+00	1.09638e-07	4.00140e+00
3.48104e+00	1.13118e-07	4.00141e+00
3.49096e+00	1.16884e-07	4.00140e+00
3.50124e+00	1.20981e-07	4.00145e+00
3.51120e+00	1.25212e-07	4.00142e+00
3.52109e+00	1.29659e-07	4.00143e+00
3.53108e+00	1.34279e-07	4.00141e+00
3.54100e+00	1.39068e-07	4.00139e+00
3.55126e+00	1.44078e-07	4.00140e+00
3.56117e+00	1.49227e-07	4.00141e+00
3.57108e+00	1.54482e-07	4.00142e+00
3.58100e+00	1.59896e-07	4.00145e+00
3.59095e+00	1.65532e-07	4.00143e+00
3.60121e+00	1.71431e-07	4.00143e+00
3.61115e+00	1.77393e-07	4.00145e+00
3.62111e+00	1.83661e-07	4.00144e+00
3.63105e+00	1.89834e-07	4.00144e+00
3.64100e+00	1.96331e-07	4.00143e+00
3.65122e+00	2.03123e-07	4.00145e+00
3.66116e+00	2.10063e-07	4.00144e+00
3.67110e+00	2.17158e-07	4.00143e+00
3.68105e+00	2.24528e-07	4.00147e+00
3.69100e+00	2.31978e-07	4.00144e+00
3.70124e+00	2.39899e-07	4.00148e+00
3.71120e+00	2.47808e-07	4.00146e+00
3.72117e+00	2.56000e-07	4.00146e+00
3.73105e+00	2.64299e-07	4.00145e+00
3.74099e+00	2.72757e-07	4.00145e+00
3.75127e+00	2.81958e-07	4.00145e+00
3.76119e+00	2.91040e-07	4.00149e+00
3.77109e+00	3.00464e-07	4.00146e+00
3.78104e+00	3.09955e-07	4.00145e+00
3.79097e+00	3.19816e-07	4.00145e+00
3.80125e+00	3.30085e-07	4.00147e+00
3.81116e+00	3.40438e-07	4.00146e+00
3.82109e+00	3.51192e-07	4.00148e+00
3.83101e+00	3.62093e-07	4.00148e+00
3.84098e+00	3.73402e-07	4.00145e+00
3.85123e+00	3.85169e-07	4.00147e+00
3.86115e+00	3.96892e-07	4.00147e+00
3.87107e+00	4.08865e-07	4.00148e+00
3.88102e+00	4.21306e-07	4.00149e+00
3.89095e+00	4.34085e-07	4.00150e+00
3.90121e+00	4.47343e-07	4.00146e+00
3.91114e+00	4.60533e-07	4.00148e+00
3.92109e+00	4.74304e-07	4.00143e+00
3.93107e+00	4.88257e-07	4.00144e+00
3.94099e+00	5.02682e-07	4.00143e+00
3.95123e+00	5.17293e-07	4.00145e+00
3.96118e+00	5.32667e-07	4.00143e+00
3.97112e+00	5.47922e-07	4.00143e+00
3.98102e+00	5.63606e-07	4.00146e+00
3.99095e+00	5.79433e-07	4.00148e+00
4.00119e+00	5.96164e-07	4.00145e+00
4.01117e+00	6.13006e-07	4.00146e+00
4.02110e+00	6.30319e-07	4.00144e+00
4.03101e+00	6.47865e-07	4.00144e+00
4.04128e+00	6.66331e-07	4.00143e+00
4.05124e+00	6.84743e-07	4.00143e+00
4.06114e+00	7.03146e-07	4.00142e+00
4.07106e+00	7.22003e-07	4.00145e+00
4.08099e+00	7.41414e-07	4.00146e+00
4.09126e+00	7.61927e-07	4.00145e+00
4.10120e+00	7.82550e-07	4.00144e+00
4.11114e+00	8.03364e-07	4.00140e+00
4.12109e+00	8.24394e-07	4.00140e+00
4.13102e+00	8.45954e-07	4.00139e+00
4.14129e+00	8.68311e-07	4.00141e+00
4.15120e+00	8.90775e-07	4.00143e+00
4.16115e+00	9.13894e-07	4.00144e+00
4.17107e+00	9.36971e-07	4.00141e+00
4.18103e+00	9.60918e-07	4.00141e+00
4.19126e+00	9.85781e-07	4.00141e+00
4.20120e+00	1.01322e-06	4.00142e+00
4.21118e+00	1.03472e-06	4.00141e+00
4.22112e+00	1.05785e-06	4.00142e+00
4.23104e+00	1.08248e-06	4.00145e+00
4.24130e+00	1.10934e-06	4.00144e+00
4.25124e+00	1.13701e-06	4.00144e+00
4.26119e+00	1.16511e-06	4.00145e+00
4.27116e+00	1.19380e-06	4.00146e+00
4.28109e+00	1.22291e-06	4.00144e+00
4.29134e+00	1.25376e-06	4.00141e+00
4.30128e+00	1.28441e-06	4.00141e+00
4.31123e+00	1.31594e-06	4.00141e+00
4.32114e+00	1.34791e-06	4.00143e+00
4.33109e+00	1.38028e-06	4.00143e+00
4.34139e+00	1.41461e-06	4.00141e+00
4.35134e+00	1.44854e-06	4.00143e+00
4.36125e+00	1.48295e-06	4.00140e+00
4.37119e+00	1.51772e-06	4.00141e+00
4.38113e+00	1.55265e-06	4.00139e+00
4.39137e+00	1.58936e-06	4.00141e+00
4.40130e+00	1.62582e-06	4.00140e+00
4.41122e+00	1.66344e-06	4.00142e+00
4.42116e+00	1.70079e-06	4.00142e+00
4.43113e+00	1.73912e-06	4.00143e+00
4.44136e+00	1.77852e-06	4.00142e+00
4.45128e+00	1.81980e-06	4.00140e+00
4.46121e+00	1.85952e-06	4.00141e+00
4.47118e+00	1.90035e-06	4.00139e+00
4.48111e+00	1.94134e-06	4.00139e+00
4.49131e+00	1.98588e-06	4.00138e+00
4.50124e+00	2.02775e-06	4.00141e+00
4.51122e+00	2.07188e-06	4.00140e+00
4.52119e+00	2.11612e-06	4.00137e+00
4.53112e+00	2.16082e-06	4.00138e+00
4.54137e+00	2.20732e-06	4.00138e+00
4.55127e+00	2.25321e-06	4.00136e+00
4.56123e+00	2.29977e-06	4.00138e+00
4.57116e+00	2.34571e-06	4.00139e+00
4.58109e+00	2.39424e-06	4.00138e+00
4.59137e+00	2.44421e-06	4.00138e+00
4.60132e+00	2.49433e-06	4.00137e+00
4.61127e+00	2.54475e-06	4.00136e+00
4.62118e+00	2.59524e-06	4.00136e+00
4.63112e+00	2.64650e-06	4.00139e+00
4.64137e+00	2.70031e-06	4.00135e+00
4.65131e+00	2.75232e-06	4.00135e+00
4.66124e+00	2.80692e-06	4.00138e+00
4.67117e+00	2.86083e-06	4.00135e+00
4.68142e+00	2.91833e-06	4.00137e+00
4.69137e+00	2.97287e-06	4.00136e+00
4.70127e+00	3.02928e-06	4.00136e+00
4.71121e+00	3.08615e-06	4.00138e+00
4.72114e+00	3.14145e-06	4.00138e+00
4.73141e+00	3.20086e-06	4.00142e+00
4.74134e+00	3.26123e-06	4.00139e+00
4.75130e+00	3.32022e-06	4.00143e+00
4.76122e+00	3.37918e-06	4.00139e+00
4.77117e+00	3.44134e-06	4.00138e+00
4.78142e+00	3.50351e-06	4.00138e+00
4.79133e+00	3.56768e-06	4.00139e+00
4.80126e+00	3.63032e-06	4.00139e+00
4.81122e+00	3.69556e-06	4.00141e+00
4.82114e+00	3.75970e-06	4.00140e+00
4.83138e+00	3.82605e-06	4.00143e+00
4.84136e+00	3.89249e-06	4.00143e+00
4.85130e+00	3.95962e-06	4.00143e+00
4.86124e+00	4.02785e-06	4.00141e+00
4.87116e+00	4.09529e-06	4.00143e+00
4.88141e+00	4.16513e-06	4.00142e+00
4.89134e+00	4.23475e-06	4.00142e+00
4.90128e+00	4.30646e-06	4.00141e+00
4.91122e+00	4.37626e-06	4.00141e+00
4.92116e+00	4.44625e-06	4.00142e+00
4.93141e+00	4.51992e-06	4.00143e+00
4.94137e+00	4.59297e-06	4.00139e+00
4.95132e+00	4.66858e-06	4.00139e+00
4.96123e+00	4.74365e-06	4.00138e+00
4.97120e+00	4.81857e-06	4.00138e+00
4.98146e+00	4.89735e-06	4.00140e+00
4.99140e+00	4.97388e-06	4.00141e+00
5.00130e+00	5.05125e-06	4.00141e+00
3.92675e-05	-3.75211e-10	5.00148e+00
1.00986e-02	1.51161e-09	5.00153e+00
2.01005e-02	2.76944e-09	5.00152e+00
3.01037e-02	3.63005e-09	5.00152e+00
4.01078e-02	4.22623e-09	5.00150e+00
5.01057e-02	4.63918e-09	5.00154e+00
6.01079e-02	4.92901e-09	5.00154e+00
7.01131e-02	5.13151e-09	5.00157e+00
8.01124e-02	5.27302e-09	5.00153e+00
9.01138e-02	5.37268e-09	5.00155e+00
1.00114e-01	5.44373e-09	5.00153e+00
1.10114e-01	5.49686e-09	5.00155e+00
1.20113e-01	5.53562e-09	5.00154e+00
1.30116e-01	5.56245e-09	5.00151e+00
1.40117e-01	5.58734e-09	5.00154e+00
1.50113e-01	5.60341e-09	5.00152e+00
1.60111e-01	5.61788e-09	5.00151e+00
1.70112e-01	5.62772e-09	5.00153e+00
1.80109e-01	5.63221e-09	5.00151e+00
1.90111e-01	5.63776e-09	5.00150e+00
2.00109e-01	5.64099e-09	5.00151e+00
2.10114e-01	5.64299e-09	5.00151e+00
2.20105e-01	5.64585e-09	5.00151e+00
2.30136e-01	5.64852e-09	5.00151e+00
2.40135e-01	5.64852e-09	5.00150e+00
2.50124e-01	5.64820e-09	5.00149e+00
2.60123e-01	5.64904e-09	5.00148e+00
2.70149e-01	5.64554e-09	5.00148e+00
2.80140e-01	5.64553e-09	5.00146e+00
2.90133e-01	5.64386e-09	5.00150e+00
3.00126e-01	5.63748e-09	5.00152e+00
3.10153e-01	5.63455e-09	5.00151e+00
3.20149e-01	5.62956e-09	5.00148e+00
3.30140e-01	5.62643e-09	5.00150e+00
3.40135e-01	5.61991e-09	5.00150e+00
3.50130e-01	5.61434e-09	5.00148e+00
3.60154e-01	5.60948e-09	5.00149e+00
3.70150e-01	5.60335e-09	5.00150e+00
3.80142e-01	5.59581e-09	5.00153e+00
3.90143e-01	5.58905e-09	5.00152e+00
4.00166e-01	5.58384e-09	5.00153e+00
4.10163e-01	5.57301e-09	5.00154e+00
4.20153e-01	5.56597e-09	5.00151e+00
4.30143e-01	5.55782e-09	5.00151e+00
4.40136e-01	5.54715e-09	5.00153e+00
4.50168e-01	5.54067e-09	5.00151e+00
4.60159e-01	5.53198e-09	5.00154e+00
4.70153e-01	5.52240e-09	5.00153e+00
4.80144e-01	5.51375e-09	5.00153e+00
4.90176e-01	5.49842e-09	5.00152e+00
5.00166e-01	5.48941e-09	5.00154e+00
5.10157e-01	5.48014e-09	5.00152e+00
5.20149e-01	5.46983e-09	5.00150e+00
5.30175e-01	5.46033e-09	5.00150e+00
5.40175e-01	5.45196e-09	5.00150e+00
5.50167e-01	5.43883e-09	5.00146e+00
5.60163e-01	5.43199e-09	5.00146e+00
5.70157e-01	5.42281e-09	5.00145e+00
5.80183e-01	5.41214e-09	5.00146e+00
5.90181e-01	5.40085e-09	5.00146e+00
6.00172e-01	5.39241e-09	5.00146e+00
6.10163e-01	5.38467e-09	5.00150e+00
6.20187e-01	5.37663e-09	5.00153e+00
6.30179e-01	5.36474e-09	5.00146e+00
6.40164e-01	5.35398e-09	5.00149e+00
6.50162e-01	5.34602e-09	5.00147e+00
6.60154e-01	5.33594e-09	5.00151e+00
6.70184e-01	5.32839e-09	5.00149e+00
6.80176e-01	5.31956e-09	5.00148e+00
6.90169e-01	5.30709e-09	5.00147e+00
7.00159e-01	5.29715e-09	5.00149e+00
7.10189e-01	5.28808e-09	5.00151e+00
7.20180e-01	5.27963e-09	5.00155e+00
7.30171e-01	5.26882e-09	5.00153e+00
7.40163e-01	5.26025e-09	5.00153e+00
7.50196e-01	5.25221e-09	5.00154e+00
7.60186e-01	5.24704e-09	5.00155e+00
7.70176e-01	5.23829e-09	5.00153e+00
7.80173e-01	5.22900e-09	5.00151e+00
7.90163e-01	5.21986e-09	5.00154e+00
8.00182e-01	5.21158e-09	5.00153e+00
8.10171e-01	5.20539e-09	5.00150e+00
8.20165e-01	5.19705e-09	5.00149e+00
8.30163e-01	5.18788e-09	5.00150e+00
8.40190e-01	5.18220e-09	5.00149e+00
8.50186e-01	5.17216e-09	5.00150e+00
8.60182e-01	5.16564e-09	5.00153e+00
8.70172e-01	5.15853e-09	5.00150e+00
8.80163e-01	5.15128e-09	5.00151e+00
8.90192e-01	5.14567e-09	5.00152e+00
9.00185e-01	5.13782e-09	5.00148e+00
9.10177e-01	5.13174e-09	5.00148e+00
9.20165e-01	5.12481e-09	5.00151e+00
9.30197e-01	5.11906e-09	5.00151e+00
9.40188e-01	5.11288e-09	5.00148e+00
9.50183e-01	5.10636e-09	5.00150e+00
9.60175e-01	5.09725e-09	5.00154e+00
9.70169e-01	5.09482e-09	5.00155e+00
9.80197e-01	5.08832e-09	5.00156e+00
9.90187e-01	5.08392e-09	5.00152e+00
1.00018e+00	5.07874e-09	5.00154e+00
1.01017e+00	5.07444e-09	5.00153e+00
1.02020e+00	5.06954e-09	5.00153e+00
1.03019e+00	5.06351e-09	5.00154e+00
1.04018e+00	5.05834e-09	5.00156e+00
1.05017e+00	5.05566e-09	5.00152e+00
1.06019e+00	5.05254e-09	5.00154e+00
1.07019e+00	5.04396e-09	5.00151e+00
1.08018e+00	5.04237e-09	5.00149e+00
1.09017e+00	5.02144e-09	5.00153e+00
1.10016e+00	5.00055e-09	5.00153e+00
1.11019e+00	4.99668e-09	5.00155e+00
1.12018e+00	4.99314e-09	5.00155e+00
1.13019e+00	4.98865e-09	5.00154e+00
1.14018e+00	4.98501e-09	5.00151e+00
1.15021e+00	4.98117e-09	5.00155e+00
1.16020e+00	4.98090e-09	5.00151e+00
1.17019e+00	4.97815e-09	5.00154e+00
1.18018e+00	4.97415e-09	5.00153e+00
1.19017e+00	4.97427e-09	5.00153e+00
1.20020e+00	4.97198e-09	5.00152e+00
1.21019e+00	4.96860e-09	5.00150e+00
1.22019e+00	4.96934e-09	5.00149e+00
1.23018e+00	4.96626e-09	5.00153e+00
1.24020e+00	4.96686e-09	5.00153e+00
1.25019e+00	4.96519e-09	5.00153e+00
1.26019e+00	4.96319e-09	5.00150e+00
1.27018e+00	4.96403e-09	5.00154e+00
1.28021e+00	4.96280e-09	5.00151e+00
1.29020e+00	4.96001e-09	5.00155e+00
1.30019e+00	4.96110e-09	5.00157e+00
1.31019e+00	4.96012e-09	5.00156e+00
1.32018e+00	4.96079e-09	5.00155e+00
1.33021e+00	4.96048e-09	5.00154e+00
1.34020e+00	4.96051e-09	5.00152e+00
1.35019e+00	4.96024e-09	5.00156e+00
1.36018e+00	4.96022e-09	5.00151e+00
1.37020e+00	4.95883e-09	5.00151e+00
1.38019e+00	4.96147e-09	5.00153e+00
1.39018e+00	4.96161e-09	5.00154e+00
1.40017e+00	4.96337e-09	5.00155e+00
1.41016e+00	4.96400e-09	5.00155e+00
1.42019e+00	4.96486e-09	5.00153e+00
1.43018e+00	4.96644e-09	5.00155e+00
1.44018e+00	4.96886e-09	5.00156e+00
1.45017e+00	4.96873e-09	5.00153e+00
1.46019e+00	4.97224e-09	5.00154e+00
1.47018e+00	4.97351e-09	5.00155e+00
1.48018e+00	4.97502e-09	5.00156e+00
1.49016e+00	4.97711e-09	5.00153e+00
1.50019e+00	4.98052e-09	5.00154e+00
1.51018e+00	4.98211e-09	5.00152e+00
1.52017e+00	4.98886e-09	5.00149e+00
1.53016e+00	4.98955e-09	5.00151e+00
1.54015e+00	4.99080e-09	5.00153e+00
1.55018e+00	4.99518e-09	5.00155e+00
1.56017e+00	4.99979e-09	5.00152e+00
1.57017e+00	5.00115e-09	5.00155e+00
1.58015e+00	5.00639e-09	5.00153e+00
1.59018e+00	5.00895e-09	5.00149e+00
1.60017e+00	5.01039e-09	5.00151e+00
1.61016e+00	5.01378e-09	5.00148e+00
1.62015e+00	5.01708e-09	5.00151e+00
1.63014e+00	5.02108e-09	5.00148e+00
1.64017e+00	5.02276e-09	5.00150e+00
1.65016e+00	5.02576e-09	5.00152e+00
1.66015e+00	5.03285e-09	5.00152e+00
1.67013e+00	5.03546e-09	5.00155e+00
1.68016e+00	5.04153e-09	5.00156e+00
1.69015e+00	5.04613e-09	5.00155e+00
1.70014e+00	5.05041e-09	5.00154e+00
1.71013e+00	5.05641e-09	5.00156e+00
1.72013e+00	5.06183e-09	5.00153e+00
1.73015e+00	5.06776e-09	5.00154e+00
1.74014e+00	5.07298e-09	5.00155e+00
1.75014e+00	5.07975e-09	5.00156e+00
1.76012e+00	5.08674e-09	5.00156e+00
1.77015e+00	5.09274e-09	5.00156e+00
1.78014e+00	5.09735e-09	5.00158e+00
1.79013e+00	5.10325e-09	5.00153e+00
1.80012e+00	5.11123e-09	5.00158e+00
1.81015e+00	5.11810e-09	5.00158e+00
1.82014e+00	5.12520e-09	5.00151e+00
1.83013e+00	5.12868e-09	5.00151e+00
1.84012e+00	5.13759e-09	5.00152e+00
1.85011e+00	5.14623e-09	5.00153e+00
1.86014e+00	5.15322e-09	5.00151e+00
1.87013e+00	5.15820e-09	5.00152e+00
1.88013e+00	5.16654e-09	5.00153e+00
1.89011e+00	5.17491e-09	5.00153e+00
1.90014e+00	5.18274e-09	5.00152e+00
1.91013e+00	5.19111e-09	5.00155e+00
1.92012e+00	5.19840e-09	5.00153e+00
1.93011e+00	5.20672e-09	5.00154e+00
1.94010e+00	5.21471e-09	5.00158e+00
1.95013e+00	5.22268e-09	5.00156e+00
1.96012e+00	5.23306e-09	5.00157e+00
1.97010e+00	5.24115e-09	5.00156e+00
1.98009e+00	5.24938e-09	5.00155e+00
1.99012e+00	5.25880e-09	5.00155e+00
2.00011e+00	5.26859e-09	5.00153e+00
2.01078e+00	5.28002e-09	5.00149e+00
2.02106e+00	5.29214e-09	5.00147e+00
2.03097e+00	5.30169e-09	5.00149e+00
2.04091e+00	5.31154e-09	5.00151e+00
2.05085e+00	5.32103e-09	5.00147e+00
2.06083e+00	5.32983e-09	5.00150e+00
2.07107e+00	5.34072e-09	5.00150e+00
2.08097e+00	5.35172e-09	5.00152e+00
2.09092e+00	5.36073e-09	5.00154e+00
2.10086e+00	5.37216e-09	5.00153e+00
2.11078e+00	5.38189e-09	5.00154e+00
2.12105e+00	5.39274e-09	5.00155e+00
2.13106e+00	5.40589e-09	5.00154e+00
2.14096e+00	5.41666e-09	5.00153e+00
2.15092e+00	5.42672e-09	5.00155e+00
2.16083e+00	5.41947e-09	5.00148e+00
2.17107e+00	5.41906e-09	5.00151e+00
2.18099e+00	5.43037e-09	5.00145e+00
2.19094e+00	5.44187e-09	5.00147e+00
2.20085e+00	5.45318e-09	5.00148e+00
2.21083e+00	5.46637e-09	5.00147e+00
2.22107e+00	5.47968e-09	5.00150e+00
2.23101e+00	5.49029e-09	5.00149e+00
2.24094e+00	5.50369e-09	5.00151e+00
2.25088e+00	5.51558e-09	5.00149e+00
2.26082e+00	5.52588e-09	5.00152e+00
2.27111e+00	5.54147e-09	5.00154e+00
2.28104e+00	5.55479e-09	5.00153e+00
2.29099e+00	5.56613e-09	5.00152e+00
2.30093e+00	5.57940e-09	5.00152e+00
2.31087e+00	5.59266e-09	5.00151e+00
2.32112e+00	5.60830e-09	5.00149e+00
2.33103e+00	5.62081e-09	5.00147e+00
2.34095e+00	5.63248e-09	5.00149e+00
2.35089e+00	5.64498e-09	5.00148e+00
2.36085e+00	5.65957e-09	5.00151e+00
2.37113e+00	5.67583e-09	5.00146e+00
2.38107e+00	5.68829e-09	5.00149e+00
2.39098e+00	5.70194e-09	5.00151e+00
2.40093e+00	5.71482e-09	5.00149e+00
2.41086e+00	5.72966e-09	5.00149e+00
2.42112e+00	5.74521e-09	5.00152e+00
2.43105e+00	5.75922e-09	5.00152e+00
2.44099e+00	5.77155e-09	5.00150e+00
2.45092e+00	5.78524e-09	5.00150e+00
2.46083e+00	5.79929e-09	5.00153e+00
2.47109e+00	5.81482e-09	5.00149e+00
2.48102e+00	5.83077e-09	5.00150e+00
2.49095e+00	5.84299e-09	5.00148e+00
2.50093e+00	5.85648e-09	5.00154e+00
2.51080e+00	5.87018e-09	5.00149e+00
2.52105e+00	5.88739e-09	5.00148e+00
2.53102e+00	5.90375e-09	5.00150e+00
2.54098e+00	5.91766e-09	5.00154e+00
2.55087e+00	5.93185e-09	5.00154e+00
2.56080e+00	5.94648e-09	5.00155e+00
2.57111e+00	5.96476e-09	5.00154e+00
2.58101e+00	5.97508e-09	5.00152e+00
2.59094e+00	5.99087e-09	5.00151e+00
2.60084e+00	6.00263e-09	5.00147e+00
2.61080e+00	6.01720e-09	5.00150e+00
2.62110e+00	6.03634e-09	5.00152e+00
2.63104e+00	6.05090e-09	5.00151e+00
2.64097e+00	6.06495e-09	5.00149e+00
2.65092e+00	6.08132e-09	5.00153e+00
2.66117e+00	6.09938e-09	5.00154e+00
2.67108e+00	6.11551e-09	5.00152e+00
2.68102e+00	6.13005e-09	5.00149e+00
2.69095e+00	6.14658e-09	5.00150e+00
2.70092e+00	6.16310e-09	5.00149e+00
2.71114e+00	6.18236e-09	5.00148e+00
2.72108e+00	6.19728e-09	5.00149e+00
2.73104e+00	6.21410e-09	5.00149e+00
2.74097e+00	6.23194e-09	5.00149e+00
2.75092e+00	6.24738e-09	5.00149e+00
2.76117e+00	6.26998e-09	5.00152e+00
2.77112e+00	6.28555e-09	5.00150e+00
2.78108e+00	6.30356e-09	5.00151e+00
2.79100e+00	6.32388e-09	5.00148e+00
2.80092e+00	6.34078e-09	5.00147e+00
2.81117e+00	6.36168e-09	5.00145e+00
2.82112e+00	6.37907e-09	5.00146e+00
2.83105e+00	6.39594e-09	5.00149e+00
2.84098e+00	6.41458e-09	5.00147e+00
2.85091e+00	6.43356e-09	5.00147e+00
2.86116e+00	6.45459e-09	5.00149e+00
2.87110e+00	6.47023e-09	5.00147e+00
2.88103e+00	6.49060e-09	5.00147e+00
2.89098e+00	6.51003e-09	5.00146e+00
2.90092e+00	6.52965e-09	5.00150e+00
2.91118e+00	6.55446e-09	5.00147e+00
2.92112e+00	6.57402e-09	5.00150e+00
2.93103e+00	6.59028e-09	5.00153e+00
2.94097e+00	6.61020e-09	5.00149e+00
2.95095e+00	6.62983e-09	5.00150e+00
2.96121e+00	6.65070e-09	5.00151e+00
2.97113e+00	6.67112e-09	5.00151e+00
2.98108e+00	6.68939e-09	5.00149e+00
2.99101e+00	6.70878e-09	5.00149e+00
3.00092e+00	6.72902e-09	5.00153e+00
3.01118e+00	6.75036e-09	5.00153e+00
3.02110e+00	6.77148e-09	5.00149e+00
3.03106e+00	6.79092e-09	5.00149e+00
3.04099e+00	6.81135e-09	5.00150e+00
3.05091e+00	6.83002e-09	5.00148e+00
3.06116e+00	6.85406e-09	5.00150e+00
3.07108e+00	6.87586e-09	5.00148e+00
3.08103e+00	6.89411e-09	5.00147e+00
3.09094e+00	6.91564e-09	5.00149e+00
3.10086e+00	6.93618e-09	5.00147e+00
3.11113e+00	6.96304e-09	5.00149e+00
3.12110e+00	6.98338e-09	5.00148e+00
3.13104e+00	7.00691e-09	5.00148e+00
3.14097e+00	7.02969e-09	5.00152e+00
3.15089e+00	7.05374e-09	5.00151e+00
3.16116e+00	7.07684e-09	5.00149e+00
3.17111e+00	7.09849e-09	5.00145e+00
3.18104e+00	7.12276e-09	5.00147e+00
3.19103e+00	7.14535e-09	5.00148e+00
3.20097e+00	7.17108e-09	5.00147e+00
3.21117e+00	7.19599e-09	5.00148e+00
3.22109e+00	7.22344e-09	5.00150e+00
3.23107e+00	7.23134e-09	5.00154e+00
3.24101e+00	7.24328e-09	5.00155e+00
3.25094e+00	7.28034e-09	5.00152e+00
3.26118e+00	7.31860e-09	5.00151e+00
3.27107e+00	7.36893e-09	5.00149e+00
3.28105e+00	7.43145e-09	5.00147e+00
3.29100e+00	7.51341e-09	5.00148e+00
3.30091e+00	7.62455e-09	5.00149e+00
3.31116e+00	7.77522e-09	5.00148e+00
3.32112e+00	7.97298e-09	5.00148e+00
3.33106e+00	8.22579e-09	5.00149e+00
3.34099e+00	8.52846e-09	5.00152e+00
3.35125e+00	8.89369e-09	5.00151e+00
3.36119e+00	9.29846e-09	5.00151e+00
3.37115e+00	9.74421e-09	5.00149e+00
3.38109e+00	1.03677e-08	5.00150e+00
3.39103e+00	1.06647e-08	5.00150e+00
3.40127e+00	1.10242e-08	5.00150e+00
3.41121e+00	1.14479e-08	5.00149e+00
3.42111e+00	1.19246e-08	5.00151e+00
3.43103e+00	1.24613e-08	5.00152e+00
3.44101e+00	1.30566e-08	5.00151e+00
3.45129e+00	1.37010e-08	5.00151e+00
3.46122e+00	1.43940e-08	5.00149e+00
3.47114e+00	1.51218e-08	5.00148e+00
3.48105e+00	1.58941e-08	5.00149e+00
3.49099e+00	1.67120e-08	5.00149e+00
3.50124e+00	1.75716e-08	5.00148e+00
3.51119e+00	1.84704e-08	5.00152e+00
3.52115e+00	1.94160e-08	5.00151e+00
3.53108e+00	2.04028e-08	5.00151e+00
3.54102e+00	2.14189e-08	5.00151e+00
3.55129e+00	2.25199e-08	5.00151e+00
3.56122e+00	2.36660e-08	5.00151e+00
3.57116e+00	2.48433e-08	5.00151e+00
3.58109e+00	2.60825e-08	5.00150e+00
3.59102e+00	2.73636e-08	5.00151e+00
3.60131e+00	2.87385e-08	5.00157e+00
3.61125e+00	3.01483e-08	5.00156e+00
3.62118e+00	3.16268e-08	5.00155e+00
3.63113e+00	3.31548e-08	5.00155e+00
3.64105e+00	3.47673e-08	5.00155e+00
3.65129e+00	3.64597e-08	5.00155e+00
3.66123e+00	3.82211e-08	5.00159e+00
3.67119e+00	4.00528e-08	5.00156e+00
3.68113e+00	4.19307e-08	5.00155e+00
3.69108e+00	4.39162e-08	5.00151e+00
3.70133e+00	4.60107e-08	5.00153e+00
3.71128e+00	4.81621e-08	5.00154e+00
3.72123e+00	5.04138e-08	5.00153e+00
3.73114e+00	5.27535e-08	5.00152e+00
3.74110e+00	5.51908e-08	5.00154e+00
3.75134e+00	5.77620e-08	5.00154e+00
3.76128e+00	6.04311e-08	5.00154e+00
3.77118e+00	6.31828e-08	5.00154e+00
3.78112e+00	6.60406e-08	5.00156e+00
3.79104e+00	6.90167e-08	5.00155e+00
3.80134e+00	7.21552e-08	5.00155e+00
3.81124e+00	7.53895e-08	5.00157e+00
3.82115e+00	7.87516e-08	5.00159e+00
3.83109e+00	8.22303e-08	5.00159e+00
3.84105e+00	8.58343e-08	5.00162e+00
3.85130e+00	8.96780e-08	5.00160e+00
3.86122e+00	9.36079e-08	5.00160e+00
3.87115e+00	9.77048e-08	5.00157e+00
3.88109e+00	1.02989e-07	5.00158e+00
3.89108e+00	1.06562e-07	5.00156e+00
3.90132e+00	1.10653e-07	5.00155e+00
3.91123e+00	1.15065e-07	5.00153e+00
3.92119e+00	1.19778e-07	5.00155e+00
3.93116e+00	1.24914e-07	5.00155e+00
3.94107e+00	1.30292e-07	5.00157e+00
3.95132e+00	1.36086e-07	5.00154e+00
3.96128e+00	1.42011e-07	5.00153e+00
3.97121e+00	1.48297e-07	5.00153e+00
3.98115e+00	1.54665e-07	5.00149e+00
3.99105e+00	1.61347e-07	5.00149e+00
4.00131e+00	1.68420e-07	5.00146e+00
4.01127e+00	1.75704e-07	5.00147e+00
4.02119e+00	1.83340e-07	5.00147e+00
4.03109e+00	1.91146e-07	5.00149e+00
4.04136e+00	1.99425e-07	5.00147e+00
4.05130e+00	2.07860e-07	5.00148e+00
4.06120e+00	2.16684e-07	5.00148e+00
4.07115e+00	2.25827e-07	5.00147e+00
4.08107e+00	2.35270e-07	5.00147e+00
4.09134e+00	2.45227e-07	5.00145e+00
4.10127e+00	2.55487e-07	5.00149e+00
4.11119e+00	2.65901e-07	5.00148e+00
4.12112e+00	2.76837e-07	5.00147e+00
4.13110e+00	2.88101e-07	5.00144e+00
4.14135e+00	3.00140e-07	5.00147e+00
4.15128e+00	3.12225e-07	5.00150e+00
4.16121e+00	3.24950e-07	5.00149e+00
4.17115e+00	3.37889e-07	5.00149e+00
4.18113e+00	3.51245e-07	5.00150e+00
4.19136e+00	3.65449e-07	5.00146e+00
4.20127e+00	3.79900e-07	5.00145e+00
4.21121e+00	3.94943e-07	5.00149e+00
4.22115e+00	4.10273e-07	5.00149e+00
4.23109e+00	4.26123e-07	5.00147e+00
4.24131e+00	4.42838e-07	5.00148e+00
4.25124e+00	4.59817e-07	5.00150e+00
4.26124e+00	4.77428e-07	5.00148e+00
4.27118e+00	4.95522e-07	5.00149e+00
4.28109e+00	5.14375e-07	5.00150e+00
4.29135e+00	5.34066e-07	5.00147e+00
4.30131e+00	5.54000e-07	5.00146e+00
4.31127e+00	5.75013e-07	5.00149e+00
4.32120e+00	5.95998e-07	5.00149e+00
4.33114e+00	6.17629e-07	5.00151e+00
4.34143e+00	6.40555e-07	5.00147e+00
4.35137e+00	6.63941e-07	5.00145e+00
4.36124e+00	6.88091e-07	5.00147e+00
4.37117e+00	7.12692e-07	5.00146e+00
4.38110e+00	7.37962e-07	5.00146e+00
4.39138e+00	7.64372e-07	5.00145e+00
4.40131e+00	7.91441e-07	5.00146e+00
4.41121e+00	8.18929e-07	5.00150e+00
4.42116e+00	8.47576e-07	5.00146e+00
4.43110e+00	8.76487e-07	5.00144e+00
4.44132e+00	9.07619e-07	5.00149e+00
4.45123e+00	9.38107e-07	5.00144e+00
4.46118e+00	9.69872e-07	5.00145e+00
4.47113e+00	1.00782e-06	5.00147e+00
4.48110e+00	1.03679e-06	5.00144e+00
4.49134e+00	1.06874e-06	5.00147e+00
4.50124e+00	1.10251e-06	5.00144e+00
4.51117e+00	1.13763e-06	5.00146e+00
4.52113e+00	1.17404e-06	5.00149e+00
4.53104e+00	1.21238e-06	5.00150e+00
4.54129e+00	1.25269e-06	5.00152e+00
4.55124e+00	1.29351e-06	5.00155e+00
4.56118e+00	1.33536e-06	5.00153e+00
4.57111e+00	1.37819e-06	5.00153e+00
4.58103e+00	1.42185e-06	5.00154e+00
4.59130e+00	1.46775e-06	5.00153e+00
4.60125e+00	1.51414e-06	5.00155e+00
4.61116e+00	1.56040e-06	5.00154e+00
4.62112e+00	1.60962e-06	5.00153e+00
4.63106e+00	1.65837e-06	5.00152e+00
4.64133e+00	1.70994e-06	5.00153e+00
4.65127e+00	1.76178e-06	5.00152e+00
4.66118e+00	1.81458e-06	5.00154e+00
4.67112e+00	1.86802e-06	5.00150e+00
4.68141e+00	1.92517e-06	5.00150e+00
4.69130e+00	1.98103e-06	5.00152e+00
4.70124e+00	2.03940e-06	5.00154e+00
4.71115e+00	2.09863e-06	5.00152e+00
4.72110e+00	2.15919e-06	5.00149e+00
4.73136e+00	2.22131e-06	5.00150e+00
4.74126e+00	2.28487e-06	5.00149e+00
4.75129e+00	2.34944e-06	5.00149e+00
4.76119e+00	2.41522e-06	5.00151e+00
4.77116e+00	2.48127e-06	5.00151e+00
4.78139e+00	2.55017e-06	5.00151e+00
4.79134e+00	2.61987e-06	5.00152e+00
4.80126e+00	2.69092e-06	5.00153e+00
4.81119e+00	2.76074e-06	5.00154e+00
4.82116e+00	2.83531e-06	5.00156e+00
4.83142e+00	2.91218e-06	5.00154e+00
4.84136e+00	2.98719e-06	5.00151e+00
4.85131e+00	3.06371e-06	5.00151e+00
4.86120e+00	3.14139e-06	5.00151e+00
4.87114e+00	3.22115e-06	5.00152e+00
4.88141e+00	3.30461e-06	5.00152e+00
4.89134e+00	3.38817e-06	5.00151e+00
4.90128e+00	3.47214e-06	5.00151e+00
4.91120e+00	3.55798e-06	5.00152e+00
4.92115e+00	3.64265e-06	5.00150e+00
4.93141e+00	3.73369e-06	5.00149e+00
4.94138e+00	3.82321e-06	5.00149e+00
4.95130e+00	3.91479e-06	5.00151e+00
4.96123e+00	4.00676e-06	5.00149e+00
4.97118e+00	4.10066e-06	5.00147e+00
4.98144e+00	4.19785e-06	5.00147e+00
4.99136e+00	4.29296e-06	5.00150e+00
5.00131e+00	4.39259e-06	5.00151e+00
