VDS	ID	IREF	VGB
8.69989e-05	-1.72470e-09	1.65263e-07	9.68656e-01
1.00639e-02	2.63587e-08	1.65284e-07	9.68618e-01
2.00707e-02	4.59790e-08	1.65283e-07	9.68629e-01
3.00761e-02	5.96275e-08	1.65285e-07	9.68655e-01
4.00766e-02	6.91066e-08	1.65280e-07	9.68651e-01
5.00792e-02	7.56544e-08	1.65278e-07	9.68653e-01
6.00793e-02	8.02317e-08	1.65279e-07	9.68656e-01
7.00873e-02	8.33988e-08	1.65279e-07	9.68651e-01
8.00872e-02	8.55511e-08	1.65278e-07	9.68678e-01
9.00872e-02	8.70757e-08	1.65277e-07	9.68617e-01
1.00090e-01	8.81258e-08	1.65277e-07	9.68662e-01
1.10091e-01	8.88510e-08	1.65278e-07	9.68658e-01
1.20086e-01	8.94170e-08	1.65279e-07	9.68668e-01
1.30092e-01	8.97768e-08	1.65282e-07	9.68632e-01
1.40091e-01	9.00327e-08	1.65279e-07	9.68639e-01
1.50091e-01	9.02228e-08	1.65280e-07	9.68646e-01
1.60089e-01	9.04077e-08	1.65278e-07	9.68665e-01
1.70083e-01	9.05162e-08	1.65282e-07	9.68657e-01
1.80083e-01	9.06516e-08	1.65281e-07	9.68649e-01
1.90080e-01	9.06587e-08	1.65281e-07	9.68642e-01
2.00082e-01	9.07169e-08	1.65279e-07	9.68675e-01
2.10093e-01	9.08016e-08	1.65280e-07	9.68648e-01
2.20089e-01	9.08394e-08	1.65280e-07	9.68669e-01
2.30122e-01	9.08448e-08	1.65281e-07	9.68652e-01
2.40119e-01	9.09366e-08	1.65282e-07	9.68660e-01
2.50109e-01	9.09502e-08	1.65281e-07	9.68668e-01
2.60101e-01	9.09515e-08	1.65280e-07	9.68638e-01
2.70136e-01	9.09736e-08	1.65280e-07	9.68664e-01
2.80126e-01	9.10405e-08	1.65279e-07	9.68662e-01
2.90120e-01	9.10916e-08	1.65278e-07	9.68672e-01
3.00112e-01	9.11110e-08	1.65281e-07	9.68654e-01
3.10141e-01	9.11079e-08	1.65285e-07	9.68675e-01
3.20136e-01	9.11426e-08	1.65283e-07	9.68660e-01
3.30131e-01	9.11851e-08	1.65285e-07	9.68654e-01
3.40123e-01	9.11573e-08	1.65286e-07	9.68655e-01
3.50117e-01	9.12146e-08	1.65285e-07	9.68659e-01
3.60146e-01	9.12081e-08	1.65282e-07	9.68651e-01
3.70139e-01	9.12234e-08	1.65287e-07	9.68654e-01
3.80133e-01	9.12441e-08	1.65280e-07	9.68672e-01
3.90126e-01	9.13166e-08	1.65282e-07	9.68663e-01
4.00159e-01	9.12898e-08	1.65278e-07	9.68664e-01
4.10152e-01	9.13503e-08	1.65283e-07	9.68679e-01
4.20147e-01	9.13755e-08	1.65284e-07	9.68657e-01
4.30138e-01	9.13822e-08	1.65282e-07	9.68669e-01
4.40130e-01	9.14039e-08	1.65280e-07	9.68654e-01
4.50159e-01	9.14161e-08	1.65277e-07	9.68659e-01
4.60152e-01	9.14053e-08	1.65278e-07	9.68655e-01
4.70145e-01	9.14574e-08	1.65273e-07	9.68635e-01
4.80139e-01	9.14338e-08	1.65272e-07	9.68658e-01
4.90167e-01	9.14365e-08	1.65275e-07	9.68667e-01
5.00157e-01	9.14874e-08	1.65278e-07	9.68641e-01
5.10157e-01	9.14993e-08	1.65284e-07	9.68659e-01
5.20151e-01	9.15174e-08	1.65282e-07	9.68661e-01
5.30179e-01	9.15452e-08	1.65281e-07	9.68654e-01
5.40177e-01	9.15639e-08	1.65279e-07	9.68637e-01
5.50168e-01	9.15645e-08	1.65280e-07	9.68660e-01
5.60162e-01	9.16059e-08	1.65279e-07	9.68653e-01
5.70154e-01	9.15924e-08	1.65281e-07	9.68645e-01
5.80179e-01	9.16266e-08	1.65277e-07	9.68654e-01
5.90170e-01	9.16264e-08	1.65281e-07	9.68658e-01
6.00159e-01	9.16652e-08	1.65282e-07	9.68670e-01
6.10150e-01	9.16371e-08	1.65280e-07	9.68688e-01
6.20180e-01	9.16959e-08	1.65279e-07	9.68663e-01
6.30173e-01	9.17088e-08	1.65278e-07	9.68669e-01
6.40164e-01	9.17150e-08	1.65280e-07	9.68655e-01
6.50156e-01	9.17497e-08	1.65282e-07	9.68656e-01
6.60148e-01	9.17420e-08	1.65281e-07	9.68678e-01
6.70177e-01	9.17730e-08	1.65284e-07	9.68681e-01
6.80167e-01	9.18223e-08	1.65283e-07	9.68697e-01
6.90166e-01	9.18210e-08	1.65286e-07	9.68656e-01
7.00157e-01	9.18117e-08	1.65283e-07	9.68678e-01
7.10191e-01	9.18625e-08	1.65288e-07	9.68664e-01
7.20181e-01	9.18770e-08	1.65287e-07	9.68683e-01
7.30175e-01	9.19092e-08	1.65286e-07	9.68687e-01
7.40164e-01	9.19064e-08	1.65290e-07	9.68688e-01
7.50192e-01	9.19545e-08	1.65285e-07	9.68673e-01
7.60184e-01	9.19039e-08	1.65285e-07	9.68684e-01
7.70176e-01	9.19038e-08	1.65286e-07	9.68666e-01
7.80168e-01	9.19527e-08	1.65287e-07	9.68697e-01
7.90159e-01	9.19773e-08	1.65287e-07	9.68680e-01
8.00182e-01	9.19717e-08	1.65285e-07	9.68702e-01
8.10174e-01	9.19695e-08	1.65288e-07	9.68694e-01
8.20171e-01	9.19954e-08	1.65288e-07	9.68664e-01
8.30168e-01	9.20047e-08	1.65289e-07	9.68674e-01
8.40193e-01	9.19883e-08	1.65287e-07	9.68665e-01
8.50188e-01	9.20208e-08	1.65289e-07	9.68675e-01
8.60179e-01	9.20117e-08	1.65287e-07	9.68704e-01
8.70169e-01	9.20461e-08	1.65293e-07	9.68694e-01
8.80159e-01	9.20635e-08	1.65296e-07	9.68678e-01
8.90188e-01	9.20802e-08	1.65293e-07	9.68690e-01
9.00177e-01	9.20539e-08	1.65287e-07	9.68695e-01
9.10170e-01	9.21072e-08	1.65289e-07	9.68697e-01
9.20160e-01	9.21074e-08	1.65287e-07	9.68681e-01
9.30190e-01	9.21006e-08	1.65285e-07	9.68673e-01
9.40183e-01	9.21459e-08	1.65285e-07	9.68717e-01
9.50179e-01	9.21260e-08	1.65279e-07	9.68683e-01
9.60172e-01	9.21287e-08	1.65280e-07	9.68679e-01
9.70162e-01	9.21710e-08	1.65284e-07	9.68682e-01
9.80191e-01	9.21702e-08	1.65286e-07	9.68682e-01
9.90184e-01	9.21935e-08	1.65288e-07	9.68702e-01
1.00018e+00	9.22050e-08	1.65286e-07	9.68684e-01
1.01017e+00	9.22498e-08	1.65288e-07	9.68694e-01
1.02019e+00	9.22567e-08	1.65290e-07	9.68698e-01
1.03018e+00	9.22641e-08	1.65289e-07	9.68699e-01
1.04018e+00	9.22457e-08	1.65292e-07	9.68684e-01
1.05017e+00	9.22634e-08	1.65291e-07	9.68696e-01
1.06020e+00	9.22722e-08	1.65289e-07	9.68708e-01
1.07019e+00	9.23107e-08	1.65284e-07	9.68707e-01
1.08018e+00	9.23177e-08	1.65284e-07	9.68687e-01
1.09018e+00	9.22840e-08	1.65279e-07	9.68713e-01
1.10017e+00	9.23526e-08	1.65281e-07	9.68696e-01
1.11020e+00	9.23535e-08	1.65281e-07	9.68723e-01
1.12019e+00	9.24043e-08	1.65282e-07	9.68712e-01
1.13018e+00	9.23719e-08	1.65277e-07	9.68692e-01
1.14017e+00	9.23682e-08	1.65280e-07	9.68717e-01
1.15020e+00	9.23525e-08	1.65279e-07	9.68705e-01
1.16019e+00	9.23683e-08	1.65277e-07	9.68707e-01
1.17018e+00	9.23669e-08	1.65279e-07	9.68681e-01
1.18018e+00	9.24126e-08	1.65280e-07	9.68720e-01
1.19016e+00	9.24023e-08	1.65284e-07	9.68695e-01
1.20019e+00	9.24356e-08	1.65280e-07	9.68687e-01
1.21018e+00	9.24466e-08	1.65280e-07	9.68704e-01
1.22017e+00	9.24546e-08	1.65278e-07	9.68680e-01
1.23016e+00	9.24355e-08	1.65274e-07	9.68701e-01
1.24019e+00	9.24563e-08	1.65276e-07	9.68708e-01
1.25018e+00	9.24758e-08	1.65271e-07	9.68689e-01
1.26017e+00	9.24841e-08	1.65271e-07	9.68702e-01
1.27017e+00	9.24949e-08	1.65271e-07	9.68695e-01
1.28020e+00	9.25312e-08	1.65270e-07	9.68694e-01
1.29019e+00	9.25045e-08	1.65270e-07	9.68683e-01
1.30018e+00	9.24996e-08	1.65270e-07	9.68674e-01
1.31017e+00	9.25233e-08	1.65270e-07	9.68687e-01
1.32016e+00	9.25249e-08	1.65268e-07	9.68693e-01
1.33019e+00	9.25586e-08	1.65274e-07	9.68701e-01
1.34018e+00	9.25725e-08	1.65274e-07	9.68706e-01
1.35018e+00	9.25492e-08	1.65273e-07	9.68685e-01
1.36017e+00	9.25525e-08	1.65271e-07	9.68676e-01
1.37020e+00	9.25648e-08	1.65275e-07	9.68701e-01
1.38019e+00	9.25937e-08	1.65277e-07	9.68698e-01
1.39017e+00	9.25742e-08	1.65279e-07	9.68687e-01
1.40017e+00	9.26162e-08	1.65278e-07	9.68686e-01
1.41016e+00	9.26243e-08	1.65278e-07	9.68675e-01
1.42019e+00	9.26100e-08	1.65281e-07	9.68695e-01
1.43018e+00	9.26174e-08	1.65282e-07	9.68696e-01
1.44018e+00	9.26657e-08	1.65281e-07	9.68701e-01
1.45017e+00	9.26285e-08	1.65281e-07	9.68718e-01
1.46019e+00	9.26747e-08	1.65280e-07	9.68696e-01
1.47018e+00	9.26580e-08	1.65286e-07	9.68707e-01
1.48017e+00	9.27126e-08	1.65284e-07	9.68698e-01
1.49016e+00	9.27086e-08	1.65285e-07	9.68682e-01
1.50019e+00	9.26983e-08	1.65283e-07	9.68688e-01
1.51018e+00	9.27057e-08	1.65281e-07	9.68698e-01
1.52017e+00	9.27335e-08	1.65279e-07	9.68715e-01
1.53016e+00	9.27066e-08	1.65281e-07	9.68709e-01
1.54015e+00	9.27690e-08	1.65280e-07	9.68697e-01
1.55019e+00	9.27304e-08	1.65279e-07	9.68703e-01
1.56017e+00	9.27521e-08	1.65280e-07	9.68709e-01
1.57017e+00	9.27764e-08	1.65282e-07	9.68712e-01
1.58015e+00	9.27575e-08	1.65285e-07	9.68676e-01
1.59018e+00	9.27422e-08	1.65285e-07	9.68698e-01
1.60017e+00	9.27933e-08	1.65285e-07	9.68715e-01
1.61016e+00	9.27939e-08	1.65285e-07	9.68697e-01
1.62015e+00	9.28144e-08	1.65285e-07	9.68700e-01
1.63014e+00	9.28323e-08	1.65283e-07	9.68694e-01
1.64016e+00	9.28387e-08	1.65281e-07	9.68706e-01
1.65016e+00	9.28381e-08	1.65275e-07	9.68722e-01
1.66015e+00	9.28394e-08	1.65274e-07	9.68701e-01
1.67014e+00	9.28413e-08	1.65274e-07	9.68677e-01
1.68016e+00	9.28437e-08	1.65269e-07	9.68709e-01
1.69015e+00	9.28381e-08	1.65271e-07	9.68696e-01
1.70014e+00	9.29026e-08	1.65272e-07	9.68687e-01
1.71013e+00	9.28712e-08	1.65274e-07	9.68706e-01
1.72013e+00	9.28878e-08	1.65273e-07	9.68692e-01
1.73015e+00	9.28872e-08	1.65271e-07	9.68680e-01
1.74014e+00	9.29179e-08	1.65275e-07	9.68712e-01
1.75013e+00	9.28997e-08	1.65277e-07	9.68717e-01
1.76013e+00	9.28985e-08	1.65281e-07	9.68721e-01
1.77015e+00	9.29047e-08	1.65281e-07	9.68728e-01
1.78015e+00	9.29406e-08	1.65281e-07	9.68709e-01
1.79013e+00	9.29265e-08	1.65280e-07	9.68715e-01
1.80012e+00	9.29424e-08	1.65281e-07	9.68719e-01
1.81015e+00	9.29729e-08	1.65278e-07	9.68724e-01
1.82014e+00	9.29709e-08	1.65282e-07	9.68722e-01
1.83013e+00	9.29975e-08	1.65284e-07	9.68732e-01
1.84012e+00	9.30018e-08	1.65285e-07	9.68717e-01
1.85011e+00	9.29816e-08	1.65284e-07	9.68739e-01
1.86013e+00	9.29787e-08	1.65284e-07	9.68687e-01
1.87013e+00	9.30115e-08	1.65287e-07	9.68714e-01
1.88012e+00	9.29892e-08	1.65287e-07	9.68686e-01
1.89010e+00	9.30059e-08	1.65284e-07	9.68722e-01
1.90013e+00	9.30000e-08	1.65285e-07	9.68690e-01
1.91012e+00	9.30284e-08	1.65285e-07	9.68703e-01
1.92011e+00	9.30215e-08	1.65283e-07	9.68703e-01
1.93010e+00	9.30285e-08	1.65284e-07	9.68709e-01
1.94009e+00	9.30262e-08	1.65289e-07	9.68703e-01
1.95011e+00	9.30471e-08	1.65290e-07	9.68716e-01
1.96011e+00	9.30427e-08	1.65288e-07	9.68713e-01
1.97009e+00	9.30621e-08	1.65291e-07	9.68698e-01
1.98008e+00	9.30568e-08	1.65290e-07	9.68704e-01
1.99011e+00	9.30632e-08	1.65288e-07	9.68695e-01
2.00010e+00	9.31088e-08	1.65290e-07	9.68699e-01
2.01066e+00	9.31099e-08	1.65290e-07	9.68693e-01
2.02091e+00	9.30935e-08	1.65283e-07	9.68711e-01
2.03088e+00	9.31123e-08	1.65285e-07	9.68693e-01
2.04080e+00	9.31491e-08	1.65285e-07	9.68719e-01
2.05074e+00	9.31250e-08	1.65282e-07	9.68678e-01
2.06067e+00	9.31081e-08	1.65283e-07	9.68703e-01
2.07093e+00	9.31387e-08	1.65283e-07	9.68713e-01
2.08085e+00	9.31545e-08	1.65280e-07	9.68701e-01
2.09075e+00	9.31438e-08	1.65279e-07	9.68715e-01
2.10073e+00	9.31668e-08	1.65279e-07	9.68692e-01
2.11066e+00	9.31580e-08	1.65278e-07	9.68707e-01
2.12093e+00	9.31795e-08	1.65274e-07	9.68693e-01
2.13088e+00	9.31501e-08	1.65278e-07	9.68707e-01
2.14085e+00	9.31546e-08	1.65279e-07	9.68705e-01
2.15081e+00	9.31770e-08	1.65277e-07	9.68715e-01
2.16075e+00	9.31780e-08	1.65274e-07	9.68684e-01
2.17099e+00	9.31835e-08	1.65276e-07	9.68702e-01
2.18092e+00	9.32304e-08	1.65275e-07	9.68703e-01
2.19085e+00	9.32107e-08	1.65279e-07	9.68693e-01
2.20080e+00	9.32473e-08	1.65279e-07	9.68696e-01
2.21073e+00	9.32168e-08	1.65276e-07	9.68692e-01
2.22096e+00	9.32374e-08	1.65277e-07	9.68691e-01
2.23091e+00	9.32430e-08	1.65280e-07	9.68707e-01
2.24086e+00	9.32698e-08	1.65278e-07	9.68691e-01
2.25077e+00	9.32787e-08	1.65277e-07	9.68694e-01
2.26074e+00	9.32985e-08	1.65278e-07	9.68709e-01
2.27103e+00	9.32524e-08	1.65276e-07	9.68709e-01
2.28095e+00	9.32832e-08	1.65278e-07	9.68694e-01
2.29088e+00	9.33253e-08	1.65274e-07	9.68710e-01
2.30084e+00	9.32966e-08	1.65278e-07	9.68691e-01
2.31076e+00	9.32561e-08	1.65279e-07	9.68693e-01
2.32105e+00	9.33326e-08	1.65278e-07	9.68697e-01
2.33100e+00	9.33435e-08	1.65278e-07	9.68667e-01
2.34093e+00	9.32977e-08	1.65276e-07	9.68688e-01
2.35086e+00	9.33314e-08	1.65274e-07	9.68677e-01
2.36083e+00	9.33405e-08	1.65277e-07	9.68681e-01
2.37110e+00	9.33243e-08	1.65274e-07	9.68693e-01
2.38103e+00	9.33414e-08	1.65274e-07	9.68689e-01
2.39095e+00	9.33123e-08	1.65275e-07	9.68686e-01
2.40089e+00	9.33977e-08	1.65274e-07	9.68688e-01
2.41083e+00	9.33527e-08	1.65278e-07	9.68679e-01
2.42110e+00	9.33764e-08	1.65274e-07	9.68710e-01
2.43101e+00	9.33803e-08	1.65274e-07	9.68673e-01
2.44095e+00	9.33670e-08	1.65273e-07	9.68703e-01
2.45088e+00	9.34214e-08	1.65274e-07	9.68699e-01
2.46080e+00	9.34432e-08	1.65279e-07	9.68707e-01
2.47108e+00	9.34429e-08	1.65279e-07	9.68693e-01
2.48100e+00	9.34342e-08	1.65282e-07	9.68706e-01
2.49093e+00	9.34038e-08	1.65284e-07	9.68681e-01
2.50084e+00	9.34061e-08	1.65282e-07	9.68678e-01
2.51077e+00	9.34290e-08	1.65282e-07	9.68718e-01
2.52105e+00	9.34868e-08	1.65280e-07	9.68690e-01
2.53100e+00	9.34414e-08	1.65277e-07	9.68683e-01
2.54093e+00	9.34602e-08	1.65275e-07	9.68692e-01
2.55089e+00	9.34475e-08	1.65278e-07	9.68693e-01
2.56083e+00	9.34832e-08	1.65280e-07	9.68693e-01
2.57107e+00	9.34820e-08	1.65279e-07	9.68691e-01
2.58101e+00	9.34820e-08	1.65281e-07	9.68707e-01
2.59096e+00	9.35216e-08	1.65280e-07	9.68694e-01
2.60088e+00	9.35358e-08	1.65275e-07	9.68684e-01
2.61084e+00	9.34927e-08	1.65277e-07	9.68709e-01
2.62111e+00	9.34861e-08	1.65272e-07	9.68691e-01
2.63103e+00	9.34910e-08	1.65276e-07	9.68701e-01
2.64097e+00	9.35182e-08	1.65274e-07	9.68686e-01
2.65092e+00	9.35406e-08	1.65277e-07	9.68684e-01
2.66116e+00	9.35122e-08	1.65274e-07	9.68727e-01
2.67108e+00	9.35318e-08	1.65276e-07	9.68678e-01
2.68103e+00	9.35160e-08	1.65278e-07	9.68683e-01
2.69096e+00	9.35120e-08	1.65279e-07	9.68696e-01
2.70093e+00	9.35490e-08	1.65279e-07	9.68680e-01
2.71120e+00	9.35684e-08	1.65281e-07	9.68675e-01
2.72112e+00	9.35604e-08	1.65279e-07	9.68686e-01
2.73105e+00	9.35348e-08	1.65278e-07	9.68690e-01
2.74101e+00	9.35317e-08	1.65278e-07	9.68678e-01
2.75097e+00	9.35327e-08	1.65275e-07	9.68683e-01
2.76121e+00	9.35882e-08	1.65279e-07	9.68691e-01
2.77115e+00	9.35895e-08	1.65279e-07	9.68684e-01
2.78110e+00	9.35945e-08	1.65282e-07	9.68669e-01
2.79103e+00	9.35843e-08	1.65283e-07	9.68698e-01
2.80097e+00	9.36197e-08	1.65286e-07	9.68665e-01
2.81120e+00	9.36397e-08	1.65284e-07	9.68697e-01
2.82115e+00	9.36692e-08	1.65280e-07	9.68692e-01
2.83109e+00	9.36781e-08	1.65284e-07	9.68700e-01
2.84100e+00	9.36395e-08	1.65281e-07	9.68709e-01
2.85093e+00	9.36971e-08	1.65286e-07	9.68702e-01
2.86121e+00	9.36624e-08	1.65287e-07	9.68698e-01
2.87116e+00	9.37006e-08	1.65287e-07	9.68687e-01
2.88109e+00	9.37163e-08	1.65285e-07	9.68689e-01
2.89101e+00	9.36978e-08	1.65287e-07	9.68684e-01
2.90094e+00	9.36959e-08	1.65287e-07	9.68694e-01
2.91122e+00	9.36868e-08	1.65287e-07	9.68690e-01
2.92115e+00	9.36734e-08	1.65289e-07	9.68692e-01
2.93106e+00	9.36863e-08	1.65286e-07	9.68683e-01
2.94102e+00	9.36637e-08	1.65286e-07	9.68671e-01
2.95098e+00	9.36939e-08	1.65290e-07	9.68688e-01
2.96125e+00	9.37136e-08	1.65290e-07	9.68691e-01
2.97116e+00	9.37308e-08	1.65290e-07	9.68714e-01
2.98107e+00	9.37433e-08	1.65290e-07	9.68707e-01
2.99100e+00	9.37851e-08	1.65295e-07	9.68711e-01
3.00093e+00	9.37781e-08	1.65291e-07	9.68714e-01
3.01117e+00	9.37509e-08	1.65289e-07	9.68707e-01
3.02112e+00	9.37485e-08	1.65291e-07	9.68700e-01
3.03108e+00	9.37804e-08	1.65296e-07	9.68709e-01
3.04103e+00	9.38223e-08	1.65296e-07	9.68714e-01
3.05095e+00	9.38426e-08	1.65297e-07	9.68680e-01
3.06119e+00	9.37919e-08	1.65296e-07	9.68712e-01
3.07111e+00	9.38180e-08	1.65298e-07	9.68705e-01
3.08108e+00	9.37942e-08	1.65298e-07	9.68722e-01
3.09100e+00	9.38272e-08	1.65301e-07	9.68689e-01
3.10092e+00	9.38184e-08	1.65303e-07	9.68691e-01
3.11118e+00	9.37881e-08	1.65299e-07	9.68681e-01
3.12116e+00	9.38349e-08	1.65298e-07	9.68703e-01
3.13108e+00	9.37899e-08	1.65298e-07	9.68691e-01
3.14102e+00	9.37971e-08	1.65293e-07	9.68687e-01
3.15091e+00	9.38252e-08	1.65292e-07	9.68704e-01
3.16117e+00	9.38282e-08	1.65292e-07	9.68682e-01
3.17110e+00	9.38204e-08	1.65290e-07	9.68669e-01
3.18100e+00	9.38627e-08	1.65291e-07	9.68682e-01
3.19093e+00	9.38722e-08	1.65292e-07	9.68696e-01
3.20089e+00	9.38769e-08	1.65292e-07	9.68686e-01
3.21118e+00	9.38716e-08	1.65292e-07	9.68693e-01
3.22107e+00	9.38939e-08	1.65292e-07	9.68682e-01
3.23103e+00	9.38752e-08	1.65295e-07	9.68705e-01
3.24094e+00	9.39179e-08	1.65287e-07	9.68691e-01
3.25088e+00	9.39172e-08	1.65291e-07	9.68695e-01
3.26113e+00	9.39317e-08	1.65287e-07	9.68705e-01
3.27106e+00	9.39194e-08	1.65291e-07	9.68674e-01
3.28104e+00	9.39037e-08	1.65289e-07	9.68698e-01
3.29101e+00	9.39167e-08	1.65288e-07	9.68683e-01
3.30094e+00	9.38912e-08	1.65288e-07	9.68660e-01
3.31116e+00	9.39095e-08	1.65289e-07	9.68669e-01
3.32108e+00	9.39091e-08	1.65288e-07	9.68683e-01
3.33106e+00	9.39114e-08	1.65283e-07	9.68692e-01
3.34097e+00	9.39574e-08	1.65286e-07	9.68666e-01
3.35121e+00	9.39346e-08	1.65286e-07	9.68673e-01
3.36115e+00	9.39377e-08	1.65285e-07	9.68663e-01
3.37111e+00	9.39474e-08	1.65286e-07	9.68680e-01
3.38104e+00	9.39309e-08	1.65285e-07	9.68661e-01
3.39095e+00	9.39572e-08	1.65285e-07	9.68677e-01
3.40119e+00	9.39769e-08	1.65288e-07	9.68669e-01
3.41115e+00	9.39466e-08	1.65287e-07	9.68675e-01
3.42107e+00	9.39841e-08	1.65287e-07	9.68669e-01
3.43101e+00	9.39786e-08	1.65289e-07	9.68666e-01
3.44096e+00	9.39905e-08	1.65287e-07	9.68661e-01
3.45124e+00	9.39727e-08	1.65292e-07	9.68674e-01
3.46118e+00	9.40048e-08	1.65295e-07	9.68674e-01
3.47113e+00	9.40170e-08	1.65293e-07	9.68681e-01
3.48105e+00	9.40656e-08	1.65288e-07	9.68687e-01
3.49099e+00	9.40382e-08	1.65288e-07	9.68667e-01
3.50124e+00	9.40168e-08	1.65289e-07	9.68650e-01
3.51116e+00	9.39736e-08	1.65284e-07	9.68646e-01
3.52110e+00	9.40160e-08	1.65284e-07	9.68671e-01
3.53101e+00	9.40152e-08	1.65282e-07	9.68658e-01
3.54095e+00	9.40256e-08	1.65286e-07	9.68664e-01
3.55121e+00	9.40495e-08	1.65280e-07	9.68662e-01
3.56113e+00	9.40517e-08	1.65281e-07	9.68648e-01
3.57105e+00	9.40464e-08	1.65282e-07	9.68674e-01
3.58102e+00	9.40585e-08	1.65283e-07	9.68666e-01
3.59098e+00	9.40941e-08	1.65283e-07	9.68647e-01
3.60123e+00	9.40598e-08	1.65283e-07	9.68658e-01
3.61115e+00	9.40915e-08	1.65283e-07	9.68678e-01
3.62110e+00	9.41049e-08	1.65284e-07	9.68670e-01
3.63103e+00	9.40961e-08	1.65285e-07	9.68639e-01
3.64100e+00	9.41336e-08	1.65280e-07	9.68658e-01
3.65123e+00	9.41459e-08	1.65282e-07	9.68695e-01
3.66117e+00	9.41735e-08	1.65279e-07	9.68667e-01
3.67108e+00	9.41986e-08	1.65281e-07	9.68684e-01
3.68105e+00	9.41892e-08	1.65280e-07	9.68668e-01
3.69097e+00	9.41816e-08	1.65281e-07	9.68699e-01
3.70122e+00	9.41738e-08	1.65278e-07	9.68677e-01
3.71117e+00	9.41926e-08	1.65279e-07	9.68664e-01
3.72111e+00	9.41200e-08	1.65278e-07	9.68635e-01
3.73101e+00	9.41005e-08	1.65278e-07	9.68669e-01
3.74096e+00	9.41746e-08	1.65280e-07	9.68652e-01
3.75121e+00	9.41850e-08	1.65281e-07	9.68653e-01
3.76118e+00	9.41284e-08	1.65282e-07	9.68653e-01
3.77110e+00	9.41812e-08	1.65278e-07	9.68664e-01
3.78104e+00	9.41726e-08	1.65280e-07	9.68654e-01
3.79093e+00	9.41745e-08	1.65279e-07	9.68640e-01
3.80122e+00	9.41808e-08	1.65275e-07	9.68658e-01
3.81119e+00	9.42112e-08	1.65279e-07	9.68655e-01
3.82111e+00	9.42003e-08	1.65275e-07	9.68642e-01
3.83104e+00	9.42234e-08	1.65274e-07	9.68635e-01
3.84099e+00	9.42353e-08	1.65277e-07	9.68672e-01
3.85124e+00	9.42198e-08	1.65275e-07	9.68662e-01
3.86114e+00	9.42016e-08	1.65273e-07	9.68659e-01
3.87112e+00	9.42061e-08	1.65273e-07	9.68660e-01
3.88103e+00	9.42257e-08	1.65271e-07	9.68650e-01
3.89096e+00	9.42181e-08	1.65277e-07	9.68661e-01
3.90119e+00	9.42465e-08	1.65276e-07	9.68660e-01
3.91116e+00	9.42544e-08	1.65275e-07	9.68676e-01
3.92113e+00	9.42837e-08	1.65269e-07	9.68657e-01
3.93110e+00	9.42662e-08	1.65274e-07	9.68669e-01
3.94100e+00	9.42971e-08	1.65271e-07	9.68654e-01
3.95126e+00	9.42481e-08	1.65270e-07	9.68646e-01
3.96120e+00	9.42685e-08	1.65267e-07	9.68645e-01
3.97113e+00	9.43217e-08	1.65267e-07	9.68644e-01
3.98106e+00	9.42805e-08	1.65266e-07	9.68702e-01
3.99098e+00	9.42968e-08	1.65267e-07	9.68640e-01
4.00123e+00	9.42732e-08	1.65269e-07	9.68680e-01
4.01117e+00	9.43193e-08	1.65269e-07	9.68654e-01
4.02109e+00	9.43235e-08	1.65272e-07	9.68671e-01
4.03104e+00	9.43210e-08	1.65274e-07	9.68652e-01
4.04131e+00	9.43513e-08	1.65274e-07	9.68665e-01
4.05125e+00	9.43532e-08	1.65273e-07	9.68661e-01
4.06119e+00	9.43480e-08	1.65276e-07	9.68631e-01
4.07111e+00	9.43773e-08	1.65275e-07	9.68668e-01
4.08104e+00	9.43814e-08	1.65279e-07	9.68673e-01
4.09132e+00	9.43501e-08	1.65278e-07	9.68672e-01
4.10126e+00	9.43758e-08	1.65280e-07	9.68658e-01
4.11116e+00	9.43491e-08	1.65277e-07	9.68659e-01
4.12111e+00	9.43421e-08	1.65280e-07	9.68636e-01
4.13106e+00	9.44040e-08	1.65280e-07	9.68651e-01
4.14131e+00	9.43972e-08	1.65280e-07	9.68661e-01
4.15125e+00	9.44150e-08	1.65280e-07	9.68655e-01
4.16117e+00	9.44164e-08	1.65284e-07	9.68652e-01
4.17111e+00	9.44114e-08	1.65281e-07	9.68652e-01
4.18109e+00	9.44367e-08	1.65283e-07	9.68653e-01
4.19132e+00	9.44475e-08	1.65283e-07	9.68659e-01
4.20126e+00	9.44280e-08	1.65280e-07	9.68635e-01
4.21117e+00	9.44165e-08	1.65278e-07	9.68660e-01
4.22112e+00	9.44225e-08	1.65279e-07	9.68656e-01
4.23107e+00	9.44713e-08	1.65280e-07	9.68644e-01
4.24130e+00	9.44532e-08	1.65285e-07	9.68667e-01
4.25124e+00	9.44950e-08	1.65283e-07	9.68657e-01
4.26121e+00	9.44736e-08	1.65284e-07	9.68678e-01
4.27112e+00	9.44675e-08	1.65283e-07	9.68666e-01
4.28102e+00	9.44976e-08	1.65279e-07	9.68651e-01
4.29124e+00	9.44799e-08	1.65279e-07	9.68666e-01
4.30120e+00	9.45367e-08	1.65278e-07	9.68676e-01
4.31111e+00	9.45252e-08	1.65278e-07	9.68668e-01
4.32104e+00	9.44990e-08	1.65277e-07	9.68662e-01
4.33097e+00	9.45394e-08	1.65281e-07	9.68663e-01
4.34125e+00	9.45081e-08	1.65283e-07	9.68660e-01
4.35119e+00	9.45133e-08	1.65284e-07	9.68671e-01
4.36112e+00	9.45483e-08	1.65286e-07	9.68656e-01
4.37104e+00	9.45408e-08	1.65284e-07	9.68644e-01
4.38099e+00	9.45520e-08	1.65282e-07	9.68654e-01
4.39127e+00	9.45373e-08	1.65280e-07	9.68663e-01
4.40124e+00	9.45462e-08	1.65277e-07	9.68651e-01
4.41113e+00	9.45386e-08	1.65276e-07	9.68669e-01
4.42108e+00	9.45636e-08	1.65280e-07	9.68649e-01
4.43102e+00	9.45510e-08	1.65283e-07	9.68642e-01
4.44125e+00	9.45887e-08	1.65282e-07	9.68664e-01
4.45121e+00	9.46068e-08	1.65283e-07	9.68666e-01
4.46114e+00	9.45683e-08	1.65283e-07	9.68660e-01
4.47110e+00	9.45579e-08	1.65283e-07	9.68651e-01
4.48103e+00	9.46165e-08	1.65284e-07	9.68667e-01
4.49124e+00	9.46039e-08	1.65284e-07	9.68663e-01
4.50120e+00	9.46190e-08	1.65279e-07	9.68678e-01
4.51114e+00	9.46195e-08	1.65279e-07	9.68664e-01
4.52110e+00	9.46329e-08	1.65277e-07	9.68643e-01
4.53101e+00	9.46457e-08	1.65276e-07	9.68669e-01
4.54126e+00	9.46777e-08	1.65278e-07	9.68684e-01
4.55120e+00	9.46450e-08	1.65274e-07	9.68681e-01
4.56116e+00	9.46690e-08	1.65280e-07	9.68659e-01
4.57106e+00	9.46599e-08	1.65281e-07	9.68676e-01
4.58101e+00	9.46679e-08	1.65286e-07	9.68674e-01
4.59130e+00	9.46377e-08	1.65286e-07	9.68660e-01
4.60124e+00	9.46328e-08	1.65282e-07	9.68682e-01
4.61118e+00	9.46476e-08	1.65288e-07	9.68664e-01
4.62111e+00	9.46286e-08	1.65285e-07	9.68645e-01
4.63105e+00	9.46436e-08	1.65285e-07	9.68682e-01
4.64133e+00	9.46700e-08	1.65287e-07	9.68661e-01
4.65125e+00	9.46848e-08	1.65287e-07	9.68667e-01
4.66116e+00	9.46810e-08	1.65287e-07	9.68679e-01
4.67111e+00	9.46910e-08	1.65285e-07	9.68682e-01
4.68136e+00	9.47149e-08	1.65289e-07	9.68684e-01
4.69131e+00	9.47193e-08	1.65289e-07	9.68681e-01
4.70124e+00	9.47487e-08	1.65290e-07	9.68691e-01
4.71116e+00	9.47472e-08	1.65293e-07	9.68666e-01
4.72111e+00	9.47643e-08	1.65290e-07	9.68664e-01
4.73139e+00	9.47378e-08	1.65293e-07	9.68670e-01
4.74130e+00	9.47241e-08	1.65292e-07	9.68642e-01
4.75127e+00	9.47446e-08	1.65293e-07	9.68643e-01
4.76118e+00	9.47510e-08	1.65291e-07	9.68651e-01
4.77114e+00	9.47388e-08	1.65294e-07	9.68662e-01
4.78142e+00	9.47737e-08	1.65293e-07	9.68683e-01
4.79132e+00	9.47975e-08	1.65296e-07	9.68673e-01
4.80124e+00	9.47968e-08	1.65296e-07	9.68671e-01
4.81119e+00	9.47773e-08	1.65297e-07	9.68672e-01
4.82111e+00	9.47866e-08	1.65298e-07	9.68666e-01
4.83137e+00	9.48051e-08	1.65297e-07	9.68660e-01
4.84133e+00	9.48349e-08	1.65300e-07	9.68678e-01
4.85126e+00	9.48123e-08	1.65299e-07	9.68652e-01
4.86119e+00	9.48325e-08	1.65300e-07	9.68660e-01
4.87113e+00	9.48111e-08	1.65295e-07	9.68680e-01
4.88136e+00	9.48439e-08	1.65297e-07	9.68660e-01
4.89130e+00	9.47928e-08	1.65296e-07	9.68660e-01
4.90125e+00	9.47838e-08	1.65297e-07	9.68643e-01
4.91117e+00	9.48076e-08	1.65299e-07	9.68652e-01
4.92112e+00	9.48109e-08	1.65295e-07	9.68643e-01
4.93139e+00	9.48264e-08	1.65297e-07	9.68648e-01
4.94132e+00	9.48379e-08	1.65297e-07	9.68650e-01
4.95125e+00	9.47951e-08	1.65295e-07	9.68667e-01
4.96117e+00	9.48369e-08	1.65298e-07	9.68643e-01
4.97109e+00	9.48532e-08	1.65298e-07	9.68643e-01
4.98138e+00	9.48334e-08	1.65297e-07	9.68642e-01
4.99132e+00	9.48481e-08	1.65291e-07	9.68643e-01
5.00124e+00	9.48524e-08	1.65295e-07	9.68653e-01
9.65595e-05	-3.84926e-08	1.65272e-05	1.36000e+00
9.95409e-03	1.89056e-06	1.65271e-05	1.36008e+00
2.00797e-02	3.56505e-06	1.65272e-05	1.36013e+00
3.00842e-02	5.00635e-06	1.65274e-05	1.36016e+00
4.00849e-02	6.23715e-06	1.65269e-05	1.36018e+00
5.00847e-02	7.27926e-06	1.65270e-05	1.36022e+00
6.00874e-02	8.14632e-06	1.65269e-05	1.36023e+00
7.00930e-02	8.86144e-06	1.65267e-05	1.36024e+00
8.00905e-02	9.44390e-06	1.65264e-05	1.36024e+00
9.00893e-02	9.91337e-06	1.65264e-05	1.36026e+00
1.00090e-01	1.02866e-05	1.65262e-05	1.36028e+00
1.10098e-01	1.05837e-05	1.65264e-05	1.36029e+00
1.20095e-01	1.08181e-05	1.65265e-05	1.36031e+00
1.30101e-01	1.10025e-05	1.65263e-05	1.36032e+00
1.40100e-01	1.11399e-05	1.65266e-05	1.36035e+00
1.50100e-01	1.12548e-05	1.65266e-05	1.36034e+00
1.60096e-01	1.13384e-05	1.65266e-05	1.36033e+00
1.70099e-01	1.14030e-05	1.65267e-05	1.36033e+00
1.80097e-01	1.14602e-05	1.65267e-05	1.36032e+00
1.90099e-01	1.14991e-05	1.65267e-05	1.36034e+00
2.00097e-01	1.15306e-05	1.65268e-05	1.36033e+00
2.10104e-01	1.15619e-05	1.65269e-05	1.36034e+00
2.20095e-01	1.15851e-05	1.65268e-05	1.36040e+00
2.30127e-01	1.16073e-05	1.65268e-05	1.36039e+00
2.40129e-01	1.16235e-05	1.65270e-05	1.36039e+00
2.50120e-01	1.16377e-05	1.65272e-05	1.36042e+00
2.60118e-01	1.16491e-05	1.65273e-05	1.36041e+00
2.70148e-01	1.16589e-05	1.65273e-05	1.36041e+00
2.80139e-01	1.16669e-05	1.65275e-05	1.36040e+00
2.90130e-01	1.16788e-05	1.65275e-05	1.36046e+00
3.00123e-01	1.16904e-05	1.65274e-05	1.36044e+00
3.10146e-01	1.16984e-05	1.65273e-05	1.36040e+00
3.20141e-01	1.17036e-05	1.65272e-05	1.36042e+00
3.30132e-01	1.17050e-05	1.65272e-05	1.36045e+00
3.40125e-01	1.17129e-05	1.65270e-05	1.36044e+00
3.50121e-01	1.17205e-05	1.65273e-05	1.36044e+00
3.60149e-01	1.17244e-05	1.65273e-05	1.36045e+00
3.70142e-01	1.17318e-05	1.65271e-05	1.36043e+00
3.80133e-01	1.17333e-05	1.65270e-05	1.36045e+00
3.90130e-01	1.17391e-05	1.65272e-05	1.36044e+00
4.00162e-01	1.17411e-05	1.65270e-05	1.36042e+00
4.10151e-01	1.17424e-05	1.65266e-05	1.36040e+00
4.20146e-01	1.17442e-05	1.65263e-05	1.36042e+00
4.30136e-01	1.17490e-05	1.65267e-05	1.36040e+00
4.40131e-01	1.17554e-05	1.65265e-05	1.36042e+00
4.50161e-01	1.17606e-05	1.65267e-05	1.36045e+00
4.60156e-01	1.17639e-05	1.65268e-05	1.36043e+00
4.70150e-01	1.17664e-05	1.65269e-05	1.36045e+00
4.80144e-01	1.17748e-05	1.65267e-05	1.36047e+00
4.90173e-01	1.17754e-05	1.65262e-05	1.36044e+00
5.00161e-01	1.17776e-05	1.65263e-05	1.36045e+00
5.10152e-01	1.17791e-05	1.65263e-05	1.36044e+00
5.20145e-01	1.17849e-05	1.65266e-05	1.36046e+00
5.30173e-01	1.17910e-05	1.65264e-05	1.36049e+00
5.40168e-01	1.17934e-05	1.65266e-05	1.36046e+00
5.50163e-01	1.17954e-05	1.65264e-05	1.36050e+00
5.60160e-01	1.18015e-05	1.65266e-05	1.36050e+00
5.70151e-01	1.18062e-05	1.65266e-05	1.36051e+00
5.80178e-01	1.18096e-05	1.65266e-05	1.36050e+00
5.90174e-01	1.18113e-05	1.65265e-05	1.36048e+00
6.00163e-01	1.18118e-05	1.65266e-05	1.36052e+00
6.10152e-01	1.18159e-05	1.65266e-05	1.36051e+00
6.20178e-01	1.18197e-05	1.65262e-05	1.36050e+00
6.30173e-01	1.18212e-05	1.65267e-05	1.36050e+00
6.40164e-01	1.18220e-05	1.65270e-05	1.36052e+00
6.50159e-01	1.18264e-05	1.65269e-05	1.36052e+00
6.60152e-01	1.18299e-05	1.65265e-05	1.36052e+00
6.70181e-01	1.18297e-05	1.65266e-05	1.36052e+00
6.80171e-01	1.18340e-05	1.65267e-05	1.36049e+00
6.90168e-01	1.18314e-05	1.65262e-05	1.36053e+00
7.00160e-01	1.18401e-05	1.65265e-05	1.36050e+00
7.10193e-01	1.18405e-05	1.65264e-05	1.36053e+00
7.20181e-01	1.18457e-05	1.65261e-05	1.36056e+00
7.30173e-01	1.18499e-05	1.65260e-05	1.36051e+00
7.40169e-01	1.18456e-05	1.65259e-05	1.36051e+00
7.50199e-01	1.18467e-05	1.65258e-05	1.36053e+00
7.60187e-01	1.18533e-05	1.65260e-05	1.36052e+00
7.70177e-01	1.18541e-05	1.65254e-05	1.36051e+00
7.80169e-01	1.18528e-05	1.65256e-05	1.36051e+00
7.90160e-01	1.18580e-05	1.65264e-05	1.36052e+00
8.00186e-01	1.18541e-05	1.65262e-05	1.36051e+00
8.10174e-01	1.18600e-05	1.65262e-05	1.36051e+00
8.20168e-01	1.18619e-05	1.65260e-05	1.36054e+00
8.30163e-01	1.18643e-05	1.65259e-05	1.36053e+00
8.40190e-01	1.18661e-05	1.65264e-05	1.36056e+00
8.50184e-01	1.18685e-05	1.65263e-05	1.36052e+00
8.60180e-01	1.18681e-05	1.65263e-05	1.36052e+00
8.70170e-01	1.18711e-05	1.65264e-05	1.36054e+00
8.80162e-01	1.18747e-05	1.65262e-05	1.36056e+00
8.90193e-01	1.18738e-05	1.65261e-05	1.36052e+00
9.00183e-01	1.18759e-05	1.65261e-05	1.36049e+00
9.10177e-01	1.18790e-05	1.65266e-05	1.36049e+00
9.20171e-01	1.18817e-05	1.65265e-05	1.36052e+00
9.30200e-01	1.18850e-05	1.65264e-05	1.36052e+00
9.40192e-01	1.18841e-05	1.65265e-05	1.36054e+00
9.50187e-01	1.18826e-05	1.65266e-05	1.36056e+00
9.60174e-01	1.18908e-05	1.65268e-05	1.36055e+00
9.70168e-01	1.18949e-05	1.65265e-05	1.36055e+00
9.80198e-01	1.18911e-05	1.65263e-05	1.36053e+00
9.90191e-01	1.18938e-05	1.65260e-05	1.36056e+00
1.00019e+00	1.18976e-05	1.65263e-05	1.36056e+00
1.01018e+00	1.18973e-05	1.65265e-05	1.36053e+00
1.02020e+00	1.18992e-05	1.65265e-05	1.36055e+00
1.03019e+00	1.19001e-05	1.65261e-05	1.36060e+00
1.04019e+00	1.19054e-05	1.65261e-05	1.36056e+00
1.05018e+00	1.19035e-05	1.65263e-05	1.36055e+00
1.06020e+00	1.19055e-05	1.65264e-05	1.36058e+00
1.07020e+00	1.19073e-05	1.65264e-05	1.36058e+00
1.08019e+00	1.19087e-05	1.65263e-05	1.36056e+00
1.09018e+00	1.19115e-05	1.65263e-05	1.36056e+00
1.10017e+00	1.19134e-05	1.65267e-05	1.36059e+00
1.11020e+00	1.19158e-05	1.65264e-05	1.36058e+00
1.12018e+00	1.19126e-05	1.65266e-05	1.36056e+00
1.13018e+00	1.19149e-05	1.65266e-05	1.36055e+00
1.14017e+00	1.19210e-05	1.65269e-05	1.36058e+00
1.15020e+00	1.19178e-05	1.65267e-05	1.36059e+00
1.16020e+00	1.19208e-05	1.65269e-05	1.36057e+00
1.17019e+00	1.19209e-05	1.65264e-05	1.36054e+00
1.18018e+00	1.19215e-05	1.65266e-05	1.36055e+00
1.19017e+00	1.19228e-05	1.65265e-05	1.36056e+00
1.20020e+00	1.19254e-05	1.65262e-05	1.36056e+00
1.21018e+00	1.19267e-05	1.65265e-05	1.36055e+00
1.22018e+00	1.19306e-05	1.65265e-05	1.36056e+00
1.23017e+00	1.19282e-05	1.65268e-05	1.36055e+00
1.24019e+00	1.19331e-05	1.65266e-05	1.36059e+00
1.25018e+00	1.19344e-05	1.65265e-05	1.36057e+00
1.26018e+00	1.19333e-05	1.65268e-05	1.36059e+00
1.27017e+00	1.19372e-05	1.65269e-05	1.36053e+00
1.28019e+00	1.19354e-05	1.65269e-05	1.36055e+00
1.29018e+00	1.19338e-05	1.65265e-05	1.36056e+00
1.30018e+00	1.19466e-05	1.65264e-05	1.36055e+00
1.31017e+00	1.19401e-05	1.65263e-05	1.36056e+00
1.32016e+00	1.19448e-05	1.65268e-05	1.36056e+00
1.33019e+00	1.19450e-05	1.65265e-05	1.36060e+00
1.34018e+00	1.19481e-05	1.65266e-05	1.36057e+00
1.35017e+00	1.19471e-05	1.65270e-05	1.36060e+00
1.36016e+00	1.19493e-05	1.65268e-05	1.36058e+00
1.37019e+00	1.19505e-05	1.65271e-05	1.36060e+00
1.38018e+00	1.19512e-05	1.65271e-05	1.36059e+00
1.39017e+00	1.19501e-05	1.65269e-05	1.36056e+00
1.40016e+00	1.19491e-05	1.65267e-05	1.36059e+00
1.41015e+00	1.19561e-05	1.65265e-05	1.36060e+00
1.42018e+00	1.19544e-05	1.65267e-05	1.36058e+00
1.43018e+00	1.19572e-05	1.65266e-05	1.36061e+00
1.44017e+00	1.19569e-05	1.65265e-05	1.36059e+00
1.45016e+00	1.19570e-05	1.65270e-05	1.36057e+00
1.46018e+00	1.19608e-05	1.65267e-05	1.36059e+00
1.47017e+00	1.19604e-05	1.65267e-05	1.36062e+00
1.48017e+00	1.19651e-05	1.65267e-05	1.36059e+00
1.49016e+00	1.19653e-05	1.65269e-05	1.36062e+00
1.50018e+00	1.19699e-05	1.65271e-05	1.36062e+00
1.51017e+00	1.19655e-05	1.65273e-05	1.36061e+00
1.52016e+00	1.19655e-05	1.65272e-05	1.36060e+00
1.53015e+00	1.19663e-05	1.65274e-05	1.36058e+00
1.54014e+00	1.19664e-05	1.65269e-05	1.36060e+00
1.55017e+00	1.19705e-05	1.65267e-05	1.36060e+00
1.56016e+00	1.19729e-05	1.65268e-05	1.36060e+00
1.57016e+00	1.19734e-05	1.65267e-05	1.36057e+00
1.58015e+00	1.19699e-05	1.65266e-05	1.36057e+00
1.59017e+00	1.19717e-05	1.65265e-05	1.36061e+00
1.60017e+00	1.19761e-05	1.65268e-05	1.36062e+00
1.61016e+00	1.19821e-05	1.65266e-05	1.36060e+00
1.62014e+00	1.19787e-05	1.65264e-05	1.36060e+00
1.63014e+00	1.19789e-05	1.65267e-05	1.36061e+00
1.64017e+00	1.19769e-05	1.65266e-05	1.36057e+00
1.65015e+00	1.19778e-05	1.65267e-05	1.36060e+00
1.66014e+00	1.19807e-05	1.65263e-05	1.36057e+00
1.67014e+00	1.19795e-05	1.65266e-05	1.36061e+00
1.68016e+00	1.19844e-05	1.65264e-05	1.36058e+00
1.69015e+00	1.19864e-05	1.65262e-05	1.36061e+00
1.70014e+00	1.19866e-05	1.65264e-05	1.36060e+00
1.71013e+00	1.19876e-05	1.65265e-05	1.36058e+00
1.72013e+00	1.19864e-05	1.65263e-05	1.36057e+00
1.73015e+00	1.19877e-05	1.65264e-05	1.36059e+00
1.74014e+00	1.19901e-05	1.65265e-05	1.36059e+00
1.75013e+00	1.19870e-05	1.65260e-05	1.36060e+00
1.76012e+00	1.19931e-05	1.65261e-05	1.36057e+00
1.77014e+00	1.19940e-05	1.65261e-05	1.36057e+00
1.78013e+00	1.19912e-05	1.65260e-05	1.36058e+00
1.79012e+00	1.19898e-05	1.65264e-05	1.36058e+00
1.80011e+00	1.19930e-05	1.65266e-05	1.36058e+00
1.81014e+00	1.20012e-05	1.65266e-05	1.36059e+00
1.82013e+00	1.19981e-05	1.65269e-05	1.36061e+00
1.83012e+00	1.20021e-05	1.65266e-05	1.36060e+00
1.84011e+00	1.20005e-05	1.65266e-05	1.36060e+00
1.85011e+00	1.20020e-05	1.65266e-05	1.36059e+00
1.86013e+00	1.19988e-05	1.65260e-05	1.36061e+00
1.87013e+00	1.20016e-05	1.65260e-05	1.36061e+00
1.88012e+00	1.19993e-05	1.65263e-05	1.36059e+00
1.89011e+00	1.20031e-05	1.65265e-05	1.36062e+00
1.90014e+00	1.20037e-05	1.65269e-05	1.36059e+00
1.91012e+00	1.20062e-05	1.65273e-05	1.36059e+00
1.92012e+00	1.20060e-05	1.65269e-05	1.36059e+00
1.93011e+00	1.20083e-05	1.65268e-05	1.36063e+00
1.94009e+00	1.20090e-05	1.65266e-05	1.36061e+00
1.95012e+00	1.20105e-05	1.65265e-05	1.36061e+00
1.96011e+00	1.20093e-05	1.65266e-05	1.36060e+00
1.97010e+00	1.20115e-05	1.65267e-05	1.36061e+00
1.98009e+00	1.20098e-05	1.65268e-05	1.36060e+00
1.99011e+00	1.20156e-05	1.65267e-05	1.36058e+00
2.00010e+00	1.20119e-05	1.65268e-05	1.36063e+00
2.01069e+00	1.20177e-05	1.65267e-05	1.36062e+00
2.02096e+00	1.20184e-05	1.65271e-05	1.36063e+00
2.03089e+00	1.20227e-05	1.65268e-05	1.36063e+00
2.04080e+00	1.20210e-05	1.65269e-05	1.36061e+00
2.05075e+00	1.20199e-05	1.65272e-05	1.36062e+00
2.06066e+00	1.20219e-05	1.65271e-05	1.36064e+00
2.07095e+00	1.20242e-05	1.65271e-05	1.36065e+00
2.08088e+00	1.20239e-05	1.65270e-05	1.36063e+00
2.09079e+00	1.20241e-05	1.65267e-05	1.36063e+00
2.10074e+00	1.20280e-05	1.65267e-05	1.36066e+00
2.11067e+00	1.20307e-05	1.65266e-05	1.36064e+00
2.12094e+00	1.20329e-05	1.65269e-05	1.36063e+00
2.13094e+00	1.20279e-05	1.65268e-05	1.36061e+00
2.14085e+00	1.20321e-05	1.65264e-05	1.36064e+00
2.15080e+00	1.20344e-05	1.65261e-05	1.36064e+00
2.16074e+00	1.20299e-05	1.65263e-05	1.36064e+00
2.17099e+00	1.20365e-05	1.65264e-05	1.36066e+00
2.18092e+00	1.20325e-05	1.65263e-05	1.36064e+00
2.19087e+00	1.20323e-05	1.65263e-05	1.36063e+00
2.20079e+00	1.20369e-05	1.65265e-05	1.36065e+00
2.21074e+00	1.20411e-05	1.65263e-05	1.36068e+00
2.22098e+00	1.20404e-05	1.65266e-05	1.36067e+00
2.23092e+00	1.20445e-05	1.65268e-05	1.36066e+00
2.24086e+00	1.20435e-05	1.65264e-05	1.36063e+00
2.25078e+00	1.20432e-05	1.65262e-05	1.36064e+00
2.26073e+00	1.20436e-05	1.65264e-05	1.36061e+00
2.27098e+00	1.20454e-05	1.65264e-05	1.36064e+00
2.28092e+00	1.20481e-05	1.65261e-05	1.36065e+00
2.29087e+00	1.20477e-05	1.65261e-05	1.36064e+00
2.30079e+00	1.20430e-05	1.65266e-05	1.36064e+00
2.31073e+00	1.20499e-05	1.65264e-05	1.36065e+00
2.32098e+00	1.20456e-05	1.65263e-05	1.36064e+00
2.33092e+00	1.20479e-05	1.65261e-05	1.36064e+00
2.34086e+00	1.20465e-05	1.65261e-05	1.36063e+00
2.35079e+00	1.20491e-05	1.65259e-05	1.36065e+00
2.36074e+00	1.20526e-05	1.65260e-05	1.36066e+00
2.37103e+00	1.20527e-05	1.65259e-05	1.36066e+00
2.38093e+00	1.20547e-05	1.65267e-05	1.36064e+00
2.39085e+00	1.20552e-05	1.65263e-05	1.36065e+00
2.40081e+00	1.20574e-05	1.65265e-05	1.36066e+00
2.41075e+00	1.20589e-05	1.65263e-05	1.36066e+00
2.42098e+00	1.20589e-05	1.65262e-05	1.36065e+00
2.43090e+00	1.20632e-05	1.65264e-05	1.36067e+00
2.44085e+00	1.20629e-05	1.65262e-05	1.36064e+00
2.45081e+00	1.20623e-05	1.65266e-05	1.36063e+00
2.46073e+00	1.20661e-05	1.65264e-05	1.36067e+00
2.47098e+00	1.20648e-05	1.65266e-05	1.36065e+00
2.48092e+00	1.20692e-05	1.65267e-05	1.36065e+00
2.49084e+00	1.20667e-05	1.65267e-05	1.36067e+00
2.50081e+00	1.20702e-05	1.65266e-05	1.36068e+00
2.51072e+00	1.20689e-05	1.65267e-05	1.36068e+00
2.52097e+00	1.20726e-05	1.65266e-05	1.36065e+00
2.53092e+00	1.20692e-05	1.65268e-05	1.36067e+00
2.54085e+00	1.20727e-05	1.65265e-05	1.36066e+00
2.55078e+00	1.20756e-05	1.65268e-05	1.36067e+00
2.56071e+00	1.20740e-05	1.65267e-05	1.36066e+00
2.57097e+00	1.20715e-05	1.65266e-05	1.36067e+00
2.58091e+00	1.20765e-05	1.65272e-05	1.36067e+00
2.59081e+00	1.20794e-05	1.65276e-05	1.36068e+00
2.60076e+00	1.20821e-05	1.65272e-05	1.36071e+00
2.61072e+00	1.20751e-05	1.65269e-05	1.36065e+00
2.62106e+00	1.20806e-05	1.65273e-05	1.36067e+00
2.63099e+00	1.20783e-05	1.65272e-05	1.36065e+00
2.64091e+00	1.20798e-05	1.65273e-05	1.36067e+00
2.65085e+00	1.20787e-05	1.65272e-05	1.36066e+00
2.66112e+00	1.20830e-05	1.65269e-05	1.36064e+00
2.67106e+00	1.20869e-05	1.65272e-05	1.36067e+00
2.68099e+00	1.20840e-05	1.65275e-05	1.36065e+00
2.69091e+00	1.20839e-05	1.65271e-05	1.36066e+00
2.70087e+00	1.20865e-05	1.65271e-05	1.36069e+00
2.71111e+00	1.20859e-05	1.65271e-05	1.36064e+00
2.72106e+00	1.20858e-05	1.65267e-05	1.36068e+00
2.73098e+00	1.20859e-05	1.65269e-05	1.36066e+00
2.74092e+00	1.20894e-05	1.65268e-05	1.36066e+00
2.75088e+00	1.20862e-05	1.65270e-05	1.36063e+00
2.76110e+00	1.20862e-05	1.65272e-05	1.36062e+00
2.77104e+00	1.20912e-05	1.65269e-05	1.36065e+00
2.78102e+00	1.20881e-05	1.65269e-05	1.36066e+00
2.79097e+00	1.20898e-05	1.65267e-05	1.36063e+00
2.80086e+00	1.20924e-05	1.65268e-05	1.36065e+00
2.81111e+00	1.20939e-05	1.65268e-05	1.36065e+00
2.82110e+00	1.20928e-05	1.65270e-05	1.36067e+00
2.83102e+00	1.20981e-05	1.65265e-05	1.36066e+00
2.84093e+00	1.20961e-05	1.65265e-05	1.36068e+00
2.85083e+00	1.20950e-05	1.65266e-05	1.36068e+00
2.86107e+00	1.20967e-05	1.65267e-05	1.36066e+00
2.87106e+00	1.21001e-05	1.65264e-05	1.36070e+00
2.88100e+00	1.21028e-05	1.65262e-05	1.36067e+00
2.89093e+00	1.21031e-05	1.65266e-05	1.36068e+00
2.90086e+00	1.21030e-05	1.65266e-05	1.36067e+00
2.91111e+00	1.21016e-05	1.65264e-05	1.36068e+00
2.92106e+00	1.21092e-05	1.65268e-05	1.36068e+00
2.93097e+00	1.21067e-05	1.65269e-05	1.36066e+00
2.94093e+00	1.21002e-05	1.65262e-05	1.36070e+00
2.95090e+00	1.21018e-05	1.65258e-05	1.36066e+00
2.96114e+00	1.21027e-05	1.65260e-05	1.36067e+00
2.97108e+00	1.21048e-05	1.65259e-05	1.36065e+00
2.98103e+00	1.21073e-05	1.65258e-05	1.36068e+00
2.99098e+00	1.21073e-05	1.65254e-05	1.36066e+00
3.00091e+00	1.21070e-05	1.65258e-05	1.36067e+00
3.01115e+00	1.21064e-05	1.65257e-05	1.36069e+00
3.02110e+00	1.21109e-05	1.65261e-05	1.36070e+00
3.03103e+00	1.21110e-05	1.65260e-05	1.36070e+00
3.04096e+00	1.21124e-05	1.65259e-05	1.36072e+00
3.05091e+00	1.21167e-05	1.65260e-05	1.36068e+00
3.06116e+00	1.21175e-05	1.65262e-05	1.36071e+00
3.07109e+00	1.21152e-05	1.65260e-05	1.36070e+00
3.08104e+00	1.21144e-05	1.65267e-05	1.36067e+00
3.09097e+00	1.21156e-05	1.65266e-05	1.36068e+00
3.10088e+00	1.21191e-05	1.65269e-05	1.36069e+00
3.11116e+00	1.21227e-05	1.65265e-05	1.36071e+00
3.12111e+00	1.21214e-05	1.65262e-05	1.36069e+00
3.13102e+00	1.21235e-05	1.65261e-05	1.36069e+00
3.14098e+00	1.21178e-05	1.65264e-05	1.36064e+00
3.15091e+00	1.21194e-05	1.65260e-05	1.36066e+00
3.16114e+00	1.21180e-05	1.65262e-05	1.36066e+00
3.17110e+00	1.21263e-05	1.65259e-05	1.36067e+00
3.18099e+00	1.21252e-05	1.65260e-05	1.36067e+00
3.19095e+00	1.21245e-05	1.65256e-05	1.36067e+00
3.20092e+00	1.21222e-05	1.65259e-05	1.36067e+00
3.21118e+00	1.21230e-05	1.65257e-05	1.36066e+00
3.22111e+00	1.21202e-05	1.65258e-05	1.36064e+00
3.23102e+00	1.21193e-05	1.65257e-05	1.36065e+00
3.24096e+00	1.21270e-05	1.65255e-05	1.36066e+00
3.25091e+00	1.21265e-05	1.65256e-05	1.36065e+00
3.26117e+00	1.21273e-05	1.65255e-05	1.36069e+00
3.27111e+00	1.21308e-05	1.65256e-05	1.36065e+00
3.28104e+00	1.21251e-05	1.65251e-05	1.36068e+00
3.29102e+00	1.21254e-05	1.65250e-05	1.36064e+00
3.30094e+00	1.21277e-05	1.65253e-05	1.36067e+00
3.31119e+00	1.21297e-05	1.65254e-05	1.36065e+00
3.32113e+00	1.21337e-05	1.65257e-05	1.36067e+00
3.33109e+00	1.21327e-05	1.65260e-05	1.36069e+00
3.34101e+00	1.21342e-05	1.65258e-05	1.36071e+00
3.35123e+00	1.21358e-05	1.65260e-05	1.36069e+00
3.36117e+00	1.21420e-05	1.65261e-05	1.36068e+00
3.37112e+00	1.21421e-05	1.65262e-05	1.36068e+00
3.38108e+00	1.21407e-05	1.65262e-05	1.36069e+00
3.39101e+00	1.21409e-05	1.65261e-05	1.36068e+00
3.40125e+00	1.21446e-05	1.65263e-05	1.36068e+00
3.41118e+00	1.21438e-05	1.65262e-05	1.36069e+00
3.42110e+00	1.21423e-05	1.65261e-05	1.36069e+00
3.43104e+00	1.21441e-05	1.65261e-05	1.36070e+00
3.44100e+00	1.21436e-05	1.65258e-05	1.36070e+00
3.45124e+00	1.21450e-05	1.65259e-05	1.36070e+00
3.46117e+00	1.21435e-05	1.65256e-05	1.36070e+00
3.47109e+00	1.21502e-05	1.65259e-05	1.36071e+00
3.48103e+00	1.21504e-05	1.65260e-05	1.36070e+00
3.49101e+00	1.21482e-05	1.65255e-05	1.36071e+00
3.50125e+00	1.21491e-05	1.65257e-05	1.36068e+00
3.51120e+00	1.21470e-05	1.65258e-05	1.36073e+00
3.52113e+00	1.21537e-05	1.65257e-05	1.36069e+00
3.53108e+00	1.21524e-05	1.65256e-05	1.36069e+00
3.54101e+00	1.21528e-05	1.65258e-05	1.36071e+00
3.55126e+00	1.21564e-05	1.65259e-05	1.36072e+00
3.56121e+00	1.21571e-05	1.65256e-05	1.36071e+00
3.57115e+00	1.21556e-05	1.65257e-05	1.36069e+00
3.58110e+00	1.21555e-05	1.65262e-05	1.36072e+00
3.59105e+00	1.21555e-05	1.65263e-05	1.36069e+00
3.60133e+00	1.21548e-05	1.65263e-05	1.36072e+00
3.61126e+00	1.21627e-05	1.65265e-05	1.36075e+00
3.62119e+00	1.21609e-05	1.65267e-05	1.36071e+00
3.63115e+00	1.21627e-05	1.65265e-05	1.36070e+00
3.64106e+00	1.21628e-05	1.65264e-05	1.36071e+00
3.65133e+00	1.21623e-05	1.65267e-05	1.36068e+00
3.66128e+00	1.21669e-05	1.65267e-05	1.36074e+00
3.67120e+00	1.21624e-05	1.65267e-05	1.36070e+00
3.68114e+00	1.21635e-05	1.65272e-05	1.36072e+00
3.69110e+00	1.21669e-05	1.65274e-05	1.36069e+00
3.70136e+00	1.21664e-05	1.65273e-05	1.36067e+00
3.71130e+00	1.21682e-05	1.65274e-05	1.36070e+00
3.72126e+00	1.21625e-05	1.65273e-05	1.36071e+00
3.73117e+00	1.21655e-05	1.65274e-05	1.36069e+00
3.74108e+00	1.21684e-05	1.65271e-05	1.36071e+00
3.75135e+00	1.21726e-05	1.65268e-05	1.36070e+00
3.76131e+00	1.21667e-05	1.65260e-05	1.36071e+00
3.77123e+00	1.21721e-05	1.65269e-05	1.36071e+00
3.78115e+00	1.21709e-05	1.65269e-05	1.36073e+00
3.79107e+00	1.21734e-05	1.65270e-05	1.36073e+00
3.80135e+00	1.21704e-05	1.65270e-05	1.36071e+00
3.81128e+00	1.21685e-05	1.65268e-05	1.36072e+00
3.82118e+00	1.21749e-05	1.65270e-05	1.36070e+00
3.83115e+00	1.21740e-05	1.65269e-05	1.36068e+00
3.84108e+00	1.21732e-05	1.65270e-05	1.36067e+00
3.85136e+00	1.21730e-05	1.65269e-05	1.36069e+00
3.86127e+00	1.21770e-05	1.65268e-05	1.36070e+00
3.87119e+00	1.21787e-05	1.65271e-05	1.36071e+00
3.88114e+00	1.21760e-05	1.65272e-05	1.36072e+00
3.89107e+00	1.21790e-05	1.65265e-05	1.36072e+00
3.90135e+00	1.21789e-05	1.65265e-05	1.36072e+00
3.91127e+00	1.21864e-05	1.65262e-05	1.36074e+00
3.92123e+00	1.21785e-05	1.65267e-05	1.36072e+00
3.93120e+00	1.21829e-05	1.65266e-05	1.36072e+00
3.94113e+00	1.21783e-05	1.65267e-05	1.36071e+00
3.95136e+00	1.21792e-05	1.65268e-05	1.36071e+00
3.96131e+00	1.21864e-05	1.65269e-05	1.36072e+00
3.97126e+00	1.21859e-05	1.65266e-05	1.36071e+00
3.98117e+00	1.21841e-05	1.65269e-05	1.36069e+00
3.99109e+00	1.21837e-05	1.65269e-05	1.36069e+00
4.00136e+00	1.21872e-05	1.65269e-05	1.36072e+00
4.01130e+00	1.21850e-05	1.65269e-05	1.36072e+00
4.02122e+00	1.21828e-05	1.65268e-05	1.36071e+00
4.03115e+00	1.21897e-05	1.65266e-05	1.36068e+00
4.04142e+00	1.21872e-05	1.65267e-05	1.36067e+00
4.05135e+00	1.21885e-05	1.65267e-05	1.36071e+00
4.06130e+00	1.21880e-05	1.65271e-05	1.36072e+00
4.07122e+00	1.21872e-05	1.65273e-05	1.36069e+00
4.08117e+00	1.21878e-05	1.65271e-05	1.36071e+00
4.09143e+00	1.21936e-05	1.65269e-05	1.36072e+00
4.10138e+00	1.21952e-05	1.65268e-05	1.36070e+00
4.11127e+00	1.21931e-05	1.65268e-05	1.36072e+00
4.12124e+00	1.21945e-05	1.65269e-05	1.36071e+00
4.13116e+00	1.21910e-05	1.65265e-05	1.36070e+00
4.14139e+00	1.21959e-05	1.65263e-05	1.36073e+00
4.15130e+00	1.21944e-05	1.65266e-05	1.36070e+00
4.16123e+00	1.21970e-05	1.65265e-05	1.36070e+00
4.17116e+00	1.21997e-05	1.65264e-05	1.36070e+00
4.18113e+00	1.21972e-05	1.65265e-05	1.36070e+00
4.19139e+00	1.21996e-05	1.65269e-05	1.36073e+00
4.20131e+00	1.22048e-05	1.65269e-05	1.36077e+00
4.21126e+00	1.22023e-05	1.65272e-05	1.36074e+00
4.22120e+00	1.22075e-05	1.65268e-05	1.36075e+00
4.23111e+00	1.22066e-05	1.65271e-05	1.36078e+00
4.24134e+00	1.22087e-05	1.65272e-05	1.36074e+00
4.25126e+00	1.22004e-05	1.65271e-05	1.36073e+00
4.26126e+00	1.22069e-05	1.65269e-05	1.36073e+00
4.27118e+00	1.22058e-05	1.65266e-05	1.36073e+00
4.28111e+00	1.22048e-05	1.65269e-05	1.36070e+00
4.29137e+00	1.22090e-05	1.65270e-05	1.36069e+00
4.30132e+00	1.22060e-05	1.65264e-05	1.36071e+00
4.31128e+00	1.22083e-05	1.65265e-05	1.36069e+00
4.32119e+00	1.22074e-05	1.65265e-05	1.36071e+00
4.33114e+00	1.22083e-05	1.65269e-05	1.36070e+00
4.34141e+00	1.22118e-05	1.65267e-05	1.36071e+00
4.35135e+00	1.22095e-05	1.65263e-05	1.36074e+00
4.36125e+00	1.22105e-05	1.65258e-05	1.36072e+00
4.37120e+00	1.22078e-05	1.65261e-05	1.36073e+00
4.38112e+00	1.22138e-05	1.65260e-05	1.36073e+00
4.39134e+00	1.22088e-05	1.65260e-05	1.36069e+00
4.40131e+00	1.22050e-05	1.65260e-05	1.36070e+00
4.41124e+00	1.22105e-05	1.65261e-05	1.36073e+00
4.42118e+00	1.22164e-05	1.65260e-05	1.36070e+00
4.43113e+00	1.22112e-05	1.65261e-05	1.36072e+00
4.44145e+00	1.22118e-05	1.65261e-05	1.36070e+00
4.45134e+00	1.22131e-05	1.65263e-05	1.36071e+00
4.46131e+00	1.22119e-05	1.65263e-05	1.36068e+00
4.47124e+00	1.22138e-05	1.65261e-05	1.36071e+00
4.48119e+00	1.22139e-05	1.65261e-05	1.36075e+00
4.49138e+00	1.22202e-05	1.65261e-05	1.36070e+00
4.50130e+00	1.22203e-05	1.65261e-05	1.36074e+00
4.51128e+00	1.22252e-05	1.65266e-05	1.36070e+00
4.52121e+00	1.22266e-05	1.65263e-05	1.36072e+00
4.53113e+00	1.22229e-05	1.65264e-05	1.36069e+00
4.54143e+00	1.22240e-05	1.65265e-05	1.36068e+00
4.55133e+00	1.22202e-05	1.65266e-05	1.36069e+00
4.56127e+00	1.22193e-05	1.65264e-05	1.36068e+00
4.57123e+00	1.22185e-05	1.65262e-05	1.36064e+00
4.58115e+00	1.22197e-05	1.65264e-05	1.36071e+00
4.59142e+00	1.22242e-05	1.65260e-05	1.36070e+00
4.60139e+00	1.22229e-05	1.65257e-05	1.36069e+00
4.61130e+00	1.22234e-05	1.65259e-05	1.36074e+00
4.62122e+00	1.22314e-05	1.65257e-05	1.36072e+00
4.63116e+00	1.22231e-05	1.65262e-05	1.36072e+00
4.64144e+00	1.22277e-05	1.65261e-05	1.36072e+00
4.65136e+00	1.22290e-05	1.65258e-05	1.36073e+00
4.66126e+00	1.22272e-05	1.65259e-05	1.36072e+00
4.67120e+00	1.22296e-05	1.65263e-05	1.36073e+00
4.68147e+00	1.22260e-05	1.65261e-05	1.36071e+00
4.69138e+00	1.22276e-05	1.65256e-05	1.36069e+00
4.70132e+00	1.22261e-05	1.65256e-05	1.36069e+00
4.71123e+00	1.22288e-05	1.65256e-05	1.36071e+00
4.72116e+00	1.22352e-05	1.65256e-05	1.36073e+00
4.73144e+00	1.22344e-05	1.65257e-05	1.36069e+00
4.74137e+00	1.22321e-05	1.65259e-05	1.36067e+00
4.75133e+00	1.22307e-05	1.65257e-05	1.36066e+00
4.76127e+00	1.22274e-05	1.65259e-05	1.36066e+00
4.77123e+00	1.22307e-05	1.65262e-05	1.36070e+00
4.78149e+00	1.22370e-05	1.65260e-05	1.36070e+00
4.79144e+00	1.22375e-05	1.65262e-05	1.36069e+00
4.80138e+00	1.22362e-05	1.65261e-05	1.36069e+00
4.81130e+00	1.22426e-05	1.65261e-05	1.36068e+00
4.82122e+00	1.22372e-05	1.65263e-05	1.36071e+00
4.83146e+00	1.22383e-05	1.65263e-05	1.36072e+00
4.84139e+00	1.22381e-05	1.65266e-05	1.36070e+00
4.85134e+00	1.22419e-05	1.65261e-05	1.36073e+00
4.86124e+00	1.22391e-05	1.65263e-05	1.36068e+00
4.87117e+00	1.22420e-05	1.65261e-05	1.36071e+00
4.88143e+00	1.22387e-05	1.65261e-05	1.36069e+00
4.89137e+00	1.22406e-05	1.65265e-05	1.36068e+00
4.90131e+00	1.22462e-05	1.65268e-05	1.36068e+00
4.91121e+00	1.22487e-05	1.65265e-05	1.36067e+00
4.92117e+00	1.22450e-05	1.65261e-05	1.36069e+00
4.93141e+00	1.22431e-05	1.65257e-05	1.36069e+00
4.94137e+00	1.22477e-05	1.65261e-05	1.36069e+00
4.95132e+00	1.22475e-05	1.65259e-05	1.36068e+00
4.96124e+00	1.22497e-05	1.65260e-05	1.36073e+00
4.97119e+00	1.22490e-05	1.65258e-05	1.36069e+00
4.98147e+00	1.22518e-05	1.65262e-05	1.36072e+00
4.99140e+00	1.22518e-05	1.65262e-05	1.36071e+00
5.00134e+00	1.22576e-05	1.65264e-05	1.36073e+00
3.43084e-05	-1.20045e-07	1.65316e-04	1.87173e+00
1.00033e-02	8.30768e-06	1.65316e-04	1.87180e+00
2.00557e-02	1.64312e-05	1.65317e-04	1.87186e+00
3.00854e-02	2.42245e-05	1.65317e-04	1.87189e+00
4.00866e-02	3.17226e-05	1.65317e-04	1.87187e+00
5.00881e-02	3.89290e-05	1.65317e-04	1.87191e+00
6.00887e-02	4.58383e-05	1.65317e-04	1.87190e+00
7.00927e-02	5.24751e-05	1.65317e-04	1.87191e+00
8.00932e-02	5.88139e-05	1.65317e-04	1.87189e+00
9.00933e-02	6.48750e-05	1.65316e-04	1.87187e+00
1.00096e-01	7.06608e-05	1.65317e-04	1.87190e+00
1.10093e-01	7.61607e-05	1.65317e-04	1.87189e+00
1.20091e-01	8.13952e-05	1.65317e-04	1.87187e+00
1.30097e-01	8.63642e-05	1.65316e-04	1.87188e+00
1.40095e-01	9.10684e-05	1.65317e-04	1.87192e+00
1.50095e-01	9.54961e-05	1.65317e-04	1.87189e+00
1.60095e-01	9.96771e-05	1.65316e-04	1.87192e+00
1.70094e-01	1.03606e-04	1.65317e-04	1.87193e+00
1.80091e-01	1.07281e-04	1.65317e-04	1.87189e+00
1.90094e-01	1.10722e-04	1.65317e-04	1.87188e+00
2.00095e-01	1.13937e-04	1.65317e-04	1.87188e+00
2.10105e-01	1.16911e-04	1.65315e-04	1.87195e+00
2.20098e-01	1.19672e-04	1.65316e-04	1.87191e+00
2.30131e-01	1.22221e-04	1.65315e-04	1.87192e+00
2.40130e-01	1.24557e-04	1.65316e-04	1.87193e+00
2.50122e-01	1.26718e-04	1.65316e-04	1.87194e+00
2.60118e-01	1.28673e-04	1.65317e-04	1.87193e+00
2.70146e-01	1.30481e-04	1.65316e-04	1.87198e+00
2.80137e-01	1.32103e-04	1.65317e-04	1.87195e+00
2.90129e-01	1.33568e-04	1.65316e-04	1.87196e+00
3.00120e-01	1.34878e-04	1.65316e-04	1.87196e+00
3.10152e-01	1.36092e-04	1.65316e-04	1.87195e+00
3.20141e-01	1.37172e-04	1.65316e-04	1.87196e+00
3.30133e-01	1.38110e-04	1.65316e-04	1.87196e+00
3.40130e-01	1.38973e-04	1.65315e-04	1.87196e+00
3.50122e-01	1.39740e-04	1.65316e-04	1.87198e+00
3.60155e-01	1.40439e-04	1.65315e-04	1.87198e+00
3.70149e-01	1.41020e-04	1.65314e-04	1.87199e+00
3.80141e-01	1.41562e-04	1.65314e-04	1.87197e+00
3.90135e-01	1.42044e-04	1.65314e-04	1.87195e+00
4.00167e-01	1.42475e-04	1.65314e-04	1.87193e+00
4.10159e-01	1.42854e-04	1.65315e-04	1.87197e+00
4.20154e-01	1.43212e-04	1.65315e-04	1.87196e+00
4.30148e-01	1.43515e-04	1.65315e-04	1.87198e+00
4.40136e-01	1.43777e-04	1.65314e-04	1.87198e+00
4.50167e-01	1.44038e-04	1.65316e-04	1.87197e+00
4.60159e-01	1.44273e-04	1.65315e-04	1.87198e+00
4.70152e-01	1.44494e-04	1.65315e-04	1.87198e+00
4.80146e-01	1.44691e-04	1.65315e-04	1.87199e+00
4.90176e-01	1.44832e-04	1.65315e-04	1.87194e+00
5.00167e-01	1.45001e-04	1.65315e-04	1.87196e+00
5.10163e-01	1.45150e-04	1.65315e-04	1.87198e+00
5.20154e-01	1.45286e-04	1.65316e-04	1.87199e+00
5.30185e-01	1.45435e-04	1.65315e-04	1.87198e+00
5.40183e-01	1.45551e-04	1.65316e-04	1.87199e+00
5.50172e-01	1.45663e-04	1.65315e-04	1.87200e+00
5.60171e-01	1.45779e-04	1.65316e-04	1.87199e+00
5.70163e-01	1.45892e-04	1.65316e-04	1.87201e+00
5.80188e-01	1.45989e-04	1.65316e-04	1.87202e+00
5.90186e-01	1.46080e-04	1.65316e-04	1.87202e+00
6.00176e-01	1.46167e-04	1.65316e-04	1.87200e+00
6.10168e-01	1.46237e-04	1.65316e-04	1.87201e+00
6.20191e-01	1.46310e-04	1.65315e-04	1.87204e+00
6.30185e-01	1.46411e-04	1.65316e-04	1.87199e+00
6.40173e-01	1.46467e-04	1.65316e-04	1.87199e+00
6.50164e-01	1.46532e-04	1.65316e-04	1.87203e+00
6.60158e-01	1.46611e-04	1.65315e-04	1.87204e+00
6.70189e-01	1.46691e-04	1.65317e-04	1.87203e+00
6.80184e-01	1.46759e-04	1.65316e-04	1.87202e+00
6.90182e-01	1.46825e-04	1.65318e-04	1.87204e+00
7.00170e-01	1.46881e-04	1.65317e-04	1.87204e+00
7.10202e-01	1.46942e-04	1.65317e-04	1.87207e+00
7.20192e-01	1.46990e-04	1.65317e-04	1.87206e+00
7.30182e-01	1.47039e-04	1.65317e-04	1.87204e+00
7.40176e-01	1.47095e-04	1.65318e-04	1.87200e+00
7.50205e-01	1.47154e-04	1.65317e-04	1.87202e+00
7.60192e-01	1.47197e-04	1.65317e-04	1.87204e+00
7.70185e-01	1.47252e-04	1.65318e-04	1.87205e+00
7.80177e-01	1.47285e-04	1.65317e-04	1.87207e+00
7.90168e-01	1.47357e-04	1.65318e-04	1.87205e+00
8.00198e-01	1.47389e-04	1.65317e-04	1.87205e+00
8.10188e-01	1.47431e-04	1.65318e-04	1.87206e+00
8.20183e-01	1.47459e-04	1.65319e-04	1.87203e+00
8.30179e-01	1.47513e-04	1.65318e-04	1.87208e+00
8.40208e-01	1.47563e-04	1.65318e-04	1.87206e+00
8.50204e-01	1.47585e-04	1.65318e-04	1.87204e+00
8.60200e-01	1.47643e-04	1.65318e-04	1.87208e+00
8.70188e-01	1.47688e-04	1.65317e-04	1.87211e+00
8.80183e-01	1.47704e-04	1.65318e-04	1.87206e+00
8.90212e-01	1.47742e-04	1.65317e-04	1.87207e+00
9.00202e-01	1.47796e-04	1.65317e-04	1.87205e+00
9.10192e-01	1.47836e-04	1.65317e-04	1.87206e+00
9.20185e-01	1.47855e-04	1.65318e-04	1.87205e+00
9.30212e-01	1.47875e-04	1.65317e-04	1.87205e+00
9.40205e-01	1.47919e-04	1.65317e-04	1.87205e+00
9.50197e-01	1.47948e-04	1.65316e-04	1.87210e+00
9.60196e-01	1.48003e-04	1.65315e-04	1.87211e+00
9.70186e-01	1.48021e-04	1.65316e-04	1.87210e+00
9.80216e-01	1.48066e-04	1.65316e-04	1.87204e+00
9.90207e-01	1.48089e-04	1.65315e-04	1.87208e+00
1.00020e+00	1.48099e-04	1.65316e-04	1.87208e+00
1.01019e+00	1.48142e-04	1.65317e-04	1.87207e+00
1.02021e+00	1.48152e-04	1.65317e-04	1.87208e+00
1.03020e+00	1.48176e-04	1.65317e-04	1.87207e+00
1.04020e+00	1.48224e-04	1.65318e-04	1.87212e+00
1.05019e+00	1.48261e-04	1.65318e-04	1.87206e+00
1.06022e+00	1.48275e-04	1.65318e-04	1.87207e+00
1.07021e+00	1.48298e-04	1.65318e-04	1.87208e+00
1.08020e+00	1.48341e-04	1.65317e-04	1.87208e+00
1.09019e+00	1.48386e-04	1.65317e-04	1.87212e+00
1.10018e+00	1.48415e-04	1.65319e-04	1.87210e+00
1.11021e+00	1.48422e-04	1.65319e-04	1.87206e+00
1.12020e+00	1.48471e-04	1.65318e-04	1.87211e+00
1.13020e+00	1.48488e-04	1.65319e-04	1.87212e+00
1.14019e+00	1.48513e-04	1.65317e-04	1.87212e+00
1.15022e+00	1.48546e-04	1.65316e-04	1.87212e+00
1.16021e+00	1.48568e-04	1.65317e-04	1.87209e+00
1.17020e+00	1.48580e-04	1.65316e-04	1.87213e+00
1.18019e+00	1.48624e-04	1.65316e-04	1.87214e+00
1.19018e+00	1.48630e-04	1.65315e-04	1.87211e+00
1.20021e+00	1.48671e-04	1.65316e-04	1.87214e+00
1.21020e+00	1.48695e-04	1.65317e-04	1.87216e+00
1.22019e+00	1.48703e-04	1.65316e-04	1.87209e+00
1.23018e+00	1.48726e-04	1.65315e-04	1.87211e+00
1.24020e+00	1.48749e-04	1.65316e-04	1.87216e+00
1.25020e+00	1.48781e-04	1.65315e-04	1.87214e+00
1.26019e+00	1.48813e-04	1.65315e-04	1.87210e+00
1.27018e+00	1.48837e-04	1.65314e-04	1.87210e+00
1.28021e+00	1.48859e-04	1.65314e-04	1.87216e+00
1.29021e+00	1.48875e-04	1.65314e-04	1.87210e+00
1.30020e+00	1.48893e-04	1.65314e-04	1.87214e+00
1.31019e+00	1.48919e-04	1.65314e-04	1.87214e+00
1.32018e+00	1.48946e-04	1.65315e-04	1.87212e+00
1.33021e+00	1.48972e-04	1.65315e-04	1.87214e+00
1.34020e+00	1.49007e-04	1.65314e-04	1.87212e+00
1.35019e+00	1.49032e-04	1.65316e-04	1.87216e+00
1.36018e+00	1.49041e-04	1.65314e-04	1.87216e+00
1.37021e+00	1.49053e-04	1.65315e-04	1.87212e+00
1.38020e+00	1.49074e-04	1.65316e-04	1.87213e+00
1.39019e+00	1.49074e-04	1.65317e-04	1.87209e+00
1.40018e+00	1.49109e-04	1.65317e-04	1.87210e+00
1.41018e+00	1.49126e-04	1.65316e-04	1.87213e+00
1.42020e+00	1.49147e-04	1.65315e-04	1.87214e+00
1.43020e+00	1.49173e-04	1.65316e-04	1.87216e+00
1.44019e+00	1.49199e-04	1.65314e-04	1.87210e+00
1.45018e+00	1.49207e-04	1.65316e-04	1.87214e+00
1.46021e+00	1.49256e-04	1.65315e-04	1.87212e+00
1.47020e+00	1.49256e-04	1.65315e-04	1.87217e+00
1.48019e+00	1.49296e-04	1.65315e-04	1.87216e+00
1.49018e+00	1.49311e-04	1.65316e-04	1.87214e+00
1.50021e+00	1.49321e-04	1.65316e-04	1.87221e+00
1.51019e+00	1.49354e-04	1.65316e-04	1.87219e+00
1.52019e+00	1.49377e-04	1.65316e-04	1.87217e+00
1.53018e+00	1.49387e-04	1.65315e-04	1.87219e+00
1.54017e+00	1.49406e-04	1.65315e-04	1.87218e+00
1.55020e+00	1.49412e-04	1.65315e-04	1.87216e+00
1.56019e+00	1.49413e-04	1.65315e-04	1.87218e+00
1.57018e+00	1.49441e-04	1.65315e-04	1.87213e+00
1.58017e+00	1.49454e-04	1.65316e-04	1.87217e+00
1.59020e+00	1.49477e-04	1.65317e-04	1.87217e+00
1.60019e+00	1.49511e-04	1.65316e-04	1.87217e+00
1.61018e+00	1.49515e-04	1.65318e-04	1.87221e+00
1.62016e+00	1.49555e-04	1.65317e-04	1.87217e+00
1.63016e+00	1.49571e-04	1.65319e-04	1.87220e+00
1.64019e+00	1.49588e-04	1.65317e-04	1.87217e+00
1.65018e+00	1.49587e-04	1.65318e-04	1.87220e+00
1.66016e+00	1.49605e-04	1.65318e-04	1.87217e+00
1.67015e+00	1.49647e-04	1.65319e-04	1.87221e+00
1.68018e+00	1.49628e-04	1.65318e-04	1.87217e+00
1.69017e+00	1.49672e-04	1.65318e-04	1.87219e+00
1.70016e+00	1.49673e-04	1.65317e-04	1.87219e+00
1.71015e+00	1.49706e-04	1.65317e-04	1.87218e+00
1.72014e+00	1.49721e-04	1.65319e-04	1.87218e+00
1.73017e+00	1.49727e-04	1.65317e-04	1.87216e+00
1.74016e+00	1.49765e-04	1.65319e-04	1.87220e+00
1.75015e+00	1.49781e-04	1.65319e-04	1.87222e+00
1.76014e+00	1.49804e-04	1.65319e-04	1.87220e+00
1.77016e+00	1.49829e-04	1.65319e-04	1.87219e+00
1.78016e+00	1.49837e-04	1.65319e-04	1.87221e+00
1.79014e+00	1.49833e-04	1.65320e-04	1.87219e+00
1.80013e+00	1.49866e-04	1.65319e-04	1.87221e+00
1.81016e+00	1.49882e-04	1.65319e-04	1.87220e+00
1.82015e+00	1.49920e-04	1.65318e-04	1.87223e+00
1.83014e+00	1.49932e-04	1.65319e-04	1.87223e+00
1.84013e+00	1.49939e-04	1.65318e-04	1.87226e+00
1.85012e+00	1.49956e-04	1.65318e-04	1.87224e+00
1.86015e+00	1.49941e-04	1.65319e-04	1.87224e+00
1.87014e+00	1.49981e-04	1.65320e-04	1.87228e+00
1.88013e+00	1.49991e-04	1.65318e-04	1.87222e+00
1.89012e+00	1.50020e-04	1.65318e-04	1.87225e+00
1.90014e+00	1.50019e-04	1.65319e-04	1.87223e+00
1.91013e+00	1.50050e-04	1.65318e-04	1.87221e+00
1.92013e+00	1.50065e-04	1.65320e-04	1.87226e+00
1.93012e+00	1.50077e-04	1.65320e-04	1.87221e+00
1.94011e+00	1.50094e-04	1.65319e-04	1.87222e+00
1.95013e+00	1.50099e-04	1.65320e-04	1.87224e+00
1.96012e+00	1.50115e-04	1.65320e-04	1.87223e+00
1.97011e+00	1.50123e-04	1.65319e-04	1.87221e+00
1.98010e+00	1.50156e-04	1.65319e-04	1.87223e+00
1.99013e+00	1.50157e-04	1.65318e-04	1.87225e+00
2.00012e+00	1.50174e-04	1.65318e-04	1.87225e+00
2.01084e+00	1.50184e-04	1.65318e-04	1.87226e+00
2.02111e+00	1.50220e-04	1.65317e-04	1.87221e+00
2.03103e+00	1.50210e-04	1.65316e-04	1.87225e+00
2.04097e+00	1.50259e-04	1.65316e-04	1.87223e+00
2.05092e+00	1.50243e-04	1.65316e-04	1.87223e+00
2.06085e+00	1.50218e-04	1.65317e-04	1.87219e+00
2.07110e+00	1.50266e-04	1.65316e-04	1.87217e+00
2.08101e+00	1.50262e-04	1.65316e-04	1.87219e+00
2.09095e+00	1.50270e-04	1.65316e-04	1.87218e+00
2.10089e+00	1.50275e-04	1.65315e-04	1.87215e+00
2.11083e+00	1.50284e-04	1.65314e-04	1.87219e+00
2.12107e+00	1.50323e-04	1.65316e-04	1.87223e+00
2.13104e+00	1.50343e-04	1.65316e-04	1.87218e+00
2.14098e+00	1.50333e-04	1.65315e-04	1.87217e+00
2.15093e+00	1.50377e-04	1.65316e-04	1.87222e+00
2.16089e+00	1.50398e-04	1.65316e-04	1.87224e+00
2.17111e+00	1.50394e-04	1.65314e-04	1.87221e+00
2.18107e+00	1.50405e-04	1.65315e-04	1.87221e+00
2.19102e+00	1.50398e-04	1.65316e-04	1.87219e+00
2.20095e+00	1.50442e-04	1.65316e-04	1.87224e+00
2.21086e+00	1.50424e-04	1.65315e-04	1.87220e+00
2.22110e+00	1.50425e-04	1.65314e-04	1.87222e+00
2.23109e+00	1.50456e-04	1.65314e-04	1.87223e+00
2.24099e+00	1.50482e-04	1.65316e-04	1.87224e+00
2.25090e+00	1.50480e-04	1.65315e-04	1.87224e+00
2.26084e+00	1.50517e-04	1.65316e-04	1.87222e+00
2.27109e+00	1.50529e-04	1.65316e-04	1.87226e+00
2.28103e+00	1.50533e-04	1.65317e-04	1.87225e+00
2.29099e+00	1.50557e-04	1.65316e-04	1.87227e+00
2.30094e+00	1.50571e-04	1.65316e-04	1.87225e+00
2.31087e+00	1.50578e-04	1.65316e-04	1.87220e+00
2.32118e+00	1.50599e-04	1.65317e-04	1.87220e+00
2.33113e+00	1.50585e-04	1.65316e-04	1.87221e+00
2.34106e+00	1.50614e-04	1.65316e-04	1.87223e+00
2.35096e+00	1.50632e-04	1.65316e-04	1.87222e+00
2.36090e+00	1.50636e-04	1.65315e-04	1.87220e+00
2.37118e+00	1.50674e-04	1.65315e-04	1.87223e+00
2.38112e+00	1.50662e-04	1.65316e-04	1.87221e+00
2.39106e+00	1.50683e-04	1.65316e-04	1.87220e+00
2.40101e+00	1.50728e-04	1.65316e-04	1.87219e+00
2.41093e+00	1.50723e-04	1.65316e-04	1.87220e+00
2.42116e+00	1.50744e-04	1.65316e-04	1.87223e+00
2.43110e+00	1.50764e-04	1.65315e-04	1.87225e+00
2.44105e+00	1.50758e-04	1.65315e-04	1.87222e+00
2.45097e+00	1.50759e-04	1.65315e-04	1.87222e+00
2.46090e+00	1.50757e-04	1.65316e-04	1.87222e+00
2.47113e+00	1.50786e-04	1.65316e-04	1.87222e+00
2.48107e+00	1.50816e-04	1.65316e-04	1.87223e+00
2.49099e+00	1.50831e-04	1.65317e-04	1.87222e+00
2.50093e+00	1.50834e-04	1.65317e-04	1.87223e+00
2.51085e+00	1.50821e-04	1.65317e-04	1.87221e+00
2.52114e+00	1.50868e-04	1.65318e-04	1.87224e+00
2.53105e+00	1.50868e-04	1.65317e-04	1.87222e+00
2.54101e+00	1.50861e-04	1.65317e-04	1.87219e+00
2.55092e+00	1.50871e-04	1.65317e-04	1.87223e+00
2.56084e+00	1.50891e-04	1.65316e-04	1.87220e+00
2.57112e+00	1.50894e-04	1.65316e-04	1.87220e+00
2.58102e+00	1.50919e-04	1.65315e-04	1.87217e+00
2.59099e+00	1.50921e-04	1.65316e-04	1.87224e+00
2.60092e+00	1.50940e-04	1.65316e-04	1.87225e+00
2.61084e+00	1.50944e-04	1.65316e-04	1.87221e+00
2.62114e+00	1.50987e-04	1.65316e-04	1.87224e+00
2.63105e+00	1.50989e-04	1.65316e-04	1.87224e+00
2.64100e+00	1.50990e-04	1.65316e-04	1.87224e+00
2.65095e+00	1.51014e-04	1.65317e-04	1.87225e+00
2.66119e+00	1.51019e-04	1.65317e-04	1.87226e+00
2.67115e+00	1.51054e-04	1.65317e-04	1.87226e+00
2.68107e+00	1.51042e-04	1.65317e-04	1.87224e+00
2.69101e+00	1.51031e-04	1.65318e-04	1.87223e+00
2.70095e+00	1.51058e-04	1.65318e-04	1.87225e+00
2.71120e+00	1.51056e-04	1.65317e-04	1.87225e+00
2.72114e+00	1.51097e-04	1.65316e-04	1.87227e+00
2.73106e+00	1.51098e-04	1.65316e-04	1.87228e+00
2.74101e+00	1.51121e-04	1.65316e-04	1.87224e+00
2.75096e+00	1.51126e-04	1.65316e-04	1.87224e+00
2.76120e+00	1.51145e-04	1.65317e-04	1.87222e+00
2.77115e+00	1.51135e-04	1.65317e-04	1.87222e+00
2.78111e+00	1.51163e-04	1.65317e-04	1.87224e+00
2.79102e+00	1.51161e-04	1.65316e-04	1.87220e+00
2.80095e+00	1.51169e-04	1.65317e-04	1.87224e+00
2.81120e+00	1.51185e-04	1.65317e-04	1.87223e+00
2.82113e+00	1.51191e-04	1.65317e-04	1.87223e+00
2.83107e+00	1.51192e-04	1.65317e-04	1.87225e+00
2.84100e+00	1.51203e-04	1.65317e-04	1.87220e+00
2.85093e+00	1.51226e-04	1.65316e-04	1.87223e+00
2.86117e+00	1.51232e-04	1.65317e-04	1.87222e+00
2.87114e+00	1.51266e-04	1.65316e-04	1.87223e+00
2.88105e+00	1.51255e-04	1.65316e-04	1.87222e+00
2.89099e+00	1.51293e-04	1.65315e-04	1.87225e+00
2.90094e+00	1.51312e-04	1.65316e-04	1.87220e+00
2.91118e+00	1.51304e-04	1.65315e-04	1.87219e+00
2.92111e+00	1.51326e-04	1.65315e-04	1.87221e+00
2.93101e+00	1.51337e-04	1.65315e-04	1.87224e+00
2.94097e+00	1.51352e-04	1.65315e-04	1.87221e+00
2.95092e+00	1.51346e-04	1.65316e-04	1.87222e+00
2.96118e+00	1.51366e-04	1.65317e-04	1.87223e+00
2.97113e+00	1.51371e-04	1.65315e-04	1.87225e+00
2.98106e+00	1.51382e-04	1.65316e-04	1.87221e+00
2.99098e+00	1.51386e-04	1.65318e-04	1.87224e+00
3.00090e+00	1.51418e-04	1.65318e-04	1.87222e+00
3.01116e+00	1.51427e-04	1.65317e-04	1.87225e+00
3.02111e+00	1.51421e-04	1.65317e-04	1.87224e+00
3.03109e+00	1.51432e-04	1.65317e-04	1.87218e+00
3.04102e+00	1.51441e-04	1.65317e-04	1.87222e+00
3.05092e+00	1.51455e-04	1.65316e-04	1.87222e+00
3.06118e+00	1.51481e-04	1.65318e-04	1.87228e+00
3.07113e+00	1.51470e-04	1.65317e-04	1.87219e+00
3.08106e+00	1.51491e-04	1.65316e-04	1.87225e+00
3.09099e+00	1.51503e-04	1.65315e-04	1.87225e+00
3.10093e+00	1.51512e-04	1.65315e-04	1.87223e+00
3.11116e+00	1.51527e-04	1.65316e-04	1.87226e+00
3.12113e+00	1.51531e-04	1.65315e-04	1.87224e+00
3.13106e+00	1.51555e-04	1.65314e-04	1.87225e+00
3.14100e+00	1.51559e-04	1.65314e-04	1.87224e+00
3.15093e+00	1.51572e-04	1.65314e-04	1.87220e+00
3.16119e+00	1.51592e-04	1.65315e-04	1.87222e+00
3.17112e+00	1.51581e-04	1.65314e-04	1.87223e+00
3.18103e+00	1.51588e-04	1.65315e-04	1.87221e+00
3.19094e+00	1.51594e-04	1.65315e-04	1.87222e+00
3.20090e+00	1.51621e-04	1.65316e-04	1.87223e+00
3.21112e+00	1.51623e-04	1.65316e-04	1.87222e+00
3.22106e+00	1.51626e-04	1.65316e-04	1.87225e+00
3.23102e+00	1.51641e-04	1.65316e-04	1.87226e+00
3.24095e+00	1.51663e-04	1.65316e-04	1.87222e+00
3.25087e+00	1.51683e-04	1.65316e-04	1.87223e+00
3.26112e+00	1.51666e-04	1.65315e-04	1.87222e+00
3.27107e+00	1.51695e-04	1.65314e-04	1.87227e+00
3.28104e+00	1.51678e-04	1.65315e-04	1.87224e+00
3.29100e+00	1.51708e-04	1.65315e-04	1.87220e+00
3.30094e+00	1.51723e-04	1.65315e-04	1.87222e+00
3.31116e+00	1.51733e-04	1.65316e-04	1.87223e+00
3.32107e+00	1.51744e-04	1.65316e-04	1.87221e+00
3.33103e+00	1.51739e-04	1.65317e-04	1.87224e+00
3.34098e+00	1.51758e-04	1.65316e-04	1.87219e+00
3.35123e+00	1.51767e-04	1.65316e-04	1.87223e+00
3.36118e+00	1.51770e-04	1.65316e-04	1.87227e+00
3.37110e+00	1.51790e-04	1.65317e-04	1.87228e+00
3.38101e+00	1.51800e-04	1.65317e-04	1.87225e+00
3.39096e+00	1.51811e-04	1.65317e-04	1.87225e+00
3.40122e+00	1.51814e-04	1.65318e-04	1.87223e+00
3.41117e+00	1.51823e-04	1.65318e-04	1.87222e+00
3.42109e+00	1.51827e-04	1.65319e-04	1.87224e+00
3.43103e+00	1.51833e-04	1.65318e-04	1.87220e+00
3.44099e+00	1.51856e-04	1.65319e-04	1.87222e+00
3.45127e+00	1.51893e-04	1.65319e-04	1.87223e+00
3.46122e+00	1.51868e-04	1.65319e-04	1.87226e+00
3.47113e+00	1.51896e-04	1.65319e-04	1.87225e+00
3.48106e+00	1.51896e-04	1.65319e-04	1.87224e+00
3.49099e+00	1.51915e-04	1.65319e-04	1.87225e+00
3.50126e+00	1.51916e-04	1.65320e-04	1.87221e+00
3.51120e+00	1.51911e-04	1.65321e-04	1.87221e+00
3.52113e+00	1.51930e-04	1.65319e-04	1.87221e+00
3.53104e+00	1.51954e-04	1.65319e-04	1.87222e+00
3.54101e+00	1.51950e-04	1.65319e-04	1.87226e+00
3.55124e+00	1.51989e-04	1.65319e-04	1.87227e+00
3.56117e+00	1.51984e-04	1.65319e-04	1.87223e+00
3.57109e+00	1.51949e-04	1.65320e-04	1.87226e+00
3.58107e+00	1.51997e-04	1.65319e-04	1.87226e+00
3.59101e+00	1.51997e-04	1.65321e-04	1.87223e+00
3.60126e+00	1.52042e-04	1.65322e-04	1.87226e+00
3.61122e+00	1.52035e-04	1.65320e-04	1.87230e+00
3.62117e+00	1.52047e-04	1.65320e-04	1.87225e+00
3.63111e+00	1.52053e-04	1.65320e-04	1.87227e+00
3.64105e+00	1.52056e-04	1.65320e-04	1.87229e+00
3.65131e+00	1.52079e-04	1.65320e-04	1.87226e+00
3.66126e+00	1.52088e-04	1.65320e-04	1.87223e+00
3.67120e+00	1.52083e-04	1.65320e-04	1.87227e+00
3.68112e+00	1.52107e-04	1.65319e-04	1.87227e+00
3.69106e+00	1.52109e-04	1.65319e-04	1.87228e+00
3.70133e+00	1.52113e-04	1.65319e-04	1.87227e+00
3.71126e+00	1.52129e-04	1.65318e-04	1.87226e+00
3.72121e+00	1.52125e-04	1.65318e-04	1.87225e+00
3.73112e+00	1.52123e-04	1.65318e-04	1.87225e+00
3.74108e+00	1.52163e-04	1.65317e-04	1.87229e+00
3.75134e+00	1.52162e-04	1.65317e-04	1.87228e+00
3.76129e+00	1.52198e-04	1.65318e-04	1.87232e+00
3.77120e+00	1.52179e-04	1.65316e-04	1.87228e+00
3.78113e+00	1.52170e-04	1.65316e-04	1.87226e+00
3.79105e+00	1.52175e-04	1.65315e-04	1.87224e+00
3.80132e+00	1.52199e-04	1.65315e-04	1.87227e+00
3.81121e+00	1.52183e-04	1.65316e-04	1.87224e+00
3.82116e+00	1.52205e-04	1.65315e-04	1.87226e+00
3.83108e+00	1.52215e-04	1.65315e-04	1.87229e+00
3.84104e+00	1.52214e-04	1.65314e-04	1.87226e+00
3.85129e+00	1.52247e-04	1.65315e-04	1.87227e+00
3.86122e+00	1.52251e-04	1.65316e-04	1.87227e+00
3.87117e+00	1.52255e-04	1.65317e-04	1.87227e+00
3.88110e+00	1.52260e-04	1.65317e-04	1.87226e+00
3.89105e+00	1.52275e-04	1.65317e-04	1.87226e+00
3.90125e+00	1.52283e-04	1.65316e-04	1.87225e+00
3.91118e+00	1.52304e-04	1.65316e-04	1.87224e+00
3.92117e+00	1.52328e-04	1.65315e-04	1.87227e+00
3.93111e+00	1.52334e-04	1.65316e-04	1.87223e+00
3.94103e+00	1.52320e-04	1.65315e-04	1.87228e+00
3.95132e+00	1.52336e-04	1.65316e-04	1.87222e+00
3.96128e+00	1.52355e-04	1.65317e-04	1.87227e+00
3.97121e+00	1.52365e-04	1.65317e-04	1.87232e+00
3.98112e+00	1.52357e-04	1.65317e-04	1.87225e+00
3.99106e+00	1.52403e-04	1.65317e-04	1.87232e+00
4.00133e+00	1.52386e-04	1.65317e-04	1.87225e+00
4.01129e+00	1.52407e-04	1.65317e-04	1.87226e+00
4.02122e+00	1.52385e-04	1.65318e-04	1.87225e+00
4.03117e+00	1.52424e-04	1.65318e-04	1.87227e+00
4.04140e+00	1.52458e-04	1.65317e-04	1.87226e+00
4.05134e+00	1.52457e-04	1.65318e-04	1.87226e+00
4.06128e+00	1.52441e-04	1.65318e-04	1.87224e+00
4.07120e+00	1.52451e-04	1.65317e-04	1.87226e+00
4.08114e+00	1.52462e-04	1.65317e-04	1.87226e+00
4.09142e+00	1.52473e-04	1.65317e-04	1.87225e+00
4.10136e+00	1.52508e-04	1.65318e-04	1.87224e+00
4.11130e+00	1.52489e-04	1.65317e-04	1.87229e+00
4.12122e+00	1.52513e-04	1.65316e-04	1.87226e+00
4.13116e+00	1.52516e-04	1.65316e-04	1.87228e+00
4.14141e+00	1.52528e-04	1.65316e-04	1.87223e+00
4.15133e+00	1.52541e-04	1.65317e-04	1.87230e+00
4.16125e+00	1.52555e-04	1.65317e-04	1.87231e+00
4.17120e+00	1.52557e-04	1.65317e-04	1.87226e+00
4.18118e+00	1.52574e-04	1.65317e-04	1.87227e+00
4.19144e+00	1.52549e-04	1.65318e-04	1.87229e+00
4.20136e+00	1.52592e-04	1.65318e-04	1.87231e+00
4.21129e+00	1.52622e-04	1.65317e-04	1.87228e+00
4.22122e+00	1.52597e-04	1.65319e-04	1.87232e+00
4.23115e+00	1.52594e-04	1.65319e-04	1.87232e+00
4.24139e+00	1.52599e-04	1.65318e-04	1.87228e+00
4.25134e+00	1.52625e-04	1.65319e-04	1.87232e+00
4.26130e+00	1.52637e-04	1.65318e-04	1.87228e+00
4.27125e+00	1.52622e-04	1.65319e-04	1.87229e+00
4.28121e+00	1.52637e-04	1.65318e-04	1.87228e+00
4.29141e+00	1.52642e-04	1.65318e-04	1.87228e+00
4.30137e+00	1.52630e-04	1.65319e-04	1.87227e+00
4.31128e+00	1.52649e-04	1.65318e-04	1.87225e+00
4.32120e+00	1.52648e-04	1.65318e-04	1.87224e+00
4.33112e+00	1.52659e-04	1.65317e-04	1.87226e+00
4.34139e+00	1.52661e-04	1.65316e-04	1.87225e+00
4.35133e+00	1.52700e-04	1.65317e-04	1.87227e+00
4.36125e+00	1.52691e-04	1.65318e-04	1.87230e+00
4.37117e+00	1.52714e-04	1.65318e-04	1.87228e+00
4.38111e+00	1.52708e-04	1.65318e-04	1.87228e+00
4.39138e+00	1.52740e-04	1.65317e-04	1.87228e+00
4.40129e+00	1.52766e-04	1.65317e-04	1.87228e+00
4.41123e+00	1.52738e-04	1.65317e-04	1.87228e+00
4.42115e+00	1.52748e-04	1.65317e-04	1.87228e+00
4.43110e+00	1.52741e-04	1.65317e-04	1.87226e+00
4.44136e+00	1.52772e-04	1.65318e-04	1.87226e+00
4.45126e+00	1.52749e-04	1.65317e-04	1.87229e+00
4.46121e+00	1.52768e-04	1.65317e-04	1.87229e+00
4.47114e+00	1.52759e-04	1.65318e-04	1.87226e+00
4.48107e+00	1.52789e-04	1.65317e-04	1.87227e+00
4.49132e+00	1.52827e-04	1.65317e-04	1.87230e+00
4.50127e+00	1.52823e-04	1.65317e-04	1.87233e+00
4.51123e+00	1.52859e-04	1.65316e-04	1.87233e+00
4.52115e+00	1.52856e-04	1.65317e-04	1.87231e+00
4.53106e+00	1.52841e-04	1.65316e-04	1.87229e+00
4.54130e+00	1.52853e-04	1.65316e-04	1.87232e+00
4.55125e+00	1.52847e-04	1.65317e-04	1.87230e+00
4.56118e+00	1.52885e-04	1.65317e-04	1.87233e+00
4.57113e+00	1.52893e-04	1.65318e-04	1.87232e+00
4.58104e+00	1.52894e-04	1.65316e-04	1.87232e+00
4.59132e+00	1.52907e-04	1.65316e-04	1.87232e+00
4.60126e+00	1.52916e-04	1.65316e-04	1.87231e+00
4.61118e+00	1.52909e-04	1.65318e-04	1.87228e+00
4.62112e+00	1.52959e-04	1.65318e-04	1.87232e+00
4.63108e+00	1.52945e-04	1.65317e-04	1.87231e+00
4.64134e+00	1.52923e-04	1.65316e-04	1.87228e+00
4.65127e+00	1.52968e-04	1.65316e-04	1.87232e+00
4.66118e+00	1.52983e-04	1.65316e-04	1.87232e+00
4.67112e+00	1.52974e-04	1.65316e-04	1.87234e+00
4.68139e+00	1.52966e-04	1.65316e-04	1.87231e+00
4.69132e+00	1.52965e-04	1.65316e-04	1.87230e+00
4.70125e+00	1.53001e-04	1.65317e-04	1.87231e+00
4.71117e+00	1.53007e-04	1.65317e-04	1.87229e+00
4.72109e+00	1.53013e-04	1.65317e-04	1.87234e+00
4.73137e+00	1.53013e-04	1.65318e-04	1.87232e+00
4.74128e+00	1.53035e-04	1.65318e-04	1.87233e+00
4.75129e+00	1.53020e-04	1.65318e-04	1.87234e+00
4.76122e+00	1.53041e-04	1.65317e-04	1.87232e+00
4.77120e+00	1.53041e-04	1.65318e-04	1.87231e+00
4.78146e+00	1.53074e-04	1.65318e-04	1.87236e+00
4.79138e+00	1.53080e-04	1.65319e-04	1.87233e+00
4.80133e+00	1.53060e-04	1.65318e-04	1.87233e+00
4.81129e+00	1.53080e-04	1.65317e-04	1.87233e+00
4.82119e+00	1.53084e-04	1.65317e-04	1.87233e+00
4.83145e+00	1.53111e-04	1.65316e-04	1.87234e+00
4.84139e+00	1.53098e-04	1.65316e-04	1.87232e+00
4.85135e+00	1.53094e-04	1.65316e-04	1.87229e+00
4.86128e+00	1.53097e-04	1.65316e-04	1.87229e+00
4.87121e+00	1.53100e-04	1.65316e-04	1.87230e+00
4.88146e+00	1.53119e-04	1.65317e-04	1.87230e+00
4.89142e+00	1.53156e-04	1.65316e-04	1.87231e+00
4.90137e+00	1.53143e-04	1.65316e-04	1.87233e+00
4.91126e+00	1.53140e-04	1.65316e-04	1.87230e+00
4.92125e+00	1.53182e-04	1.65315e-04	1.87230e+00
4.93149e+00	1.53161e-04	1.65315e-04	1.87229e+00
4.94146e+00	1.53176e-04	1.65315e-04	1.87228e+00
4.95137e+00	1.53206e-04	1.65315e-04	1.87230e+00
4.96130e+00	1.53234e-04	1.65316e-04	1.87231e+00
4.97124e+00	1.53201e-04	1.65315e-04	1.87233e+00
4.98148e+00	1.53204e-04	1.65316e-04	1.87229e+00
4.99141e+00	1.53220e-04	1.65316e-04	1.87230e+00
5.00135e+00	1.53211e-04	1.65315e-04	1.87230e+00
3.29733e-05	-1.39393e-06	1.65272e-03	3.46995e+00
9.99703e-03	2.42094e-05	1.65285e-03	3.47045e+00
2.00812e-02	4.95581e-05	1.65287e-03	3.47050e+00
3.00889e-02	7.46027e-05	1.65290e-03	3.47053e+00
4.00918e-02	9.94054e-05	1.65292e-03	3.47052e+00
5.00934e-02	1.24002e-04	1.65292e-03	3.47064e+00
6.00926e-02	1.48382e-04	1.65295e-03	3.47064e+00
7.00988e-02	1.72552e-04	1.65294e-03	3.47064e+00
8.00988e-02	1.96496e-04	1.65293e-03	3.47066e+00
9.00968e-02	2.20229e-04	1.65291e-03	3.47068e+00
1.00096e-01	2.43752e-04	1.65292e-03	3.47064e+00
1.10098e-01	2.67067e-04	1.65291e-03	3.47060e+00
1.20099e-01	2.90166e-04	1.65290e-03	3.47058e+00
1.30102e-01	3.13057e-04	1.65292e-03	3.47056e+00
1.40103e-01	3.35726e-04	1.65292e-03	3.47062e+00
1.50099e-01	3.58186e-04	1.65292e-03	3.47058e+00
1.60099e-01	3.80432e-04	1.65294e-03	3.47061e+00
1.70098e-01	4.02461e-04	1.65290e-03	3.47053e+00
1.80096e-01	4.24279e-04	1.65291e-03	3.47055e+00
1.90098e-01	4.45895e-04	1.65294e-03	3.47054e+00
2.00097e-01	4.67287e-04	1.65294e-03	3.47051e+00
2.10111e-01	4.88490e-04	1.65291e-03	3.47049e+00
2.20100e-01	5.09452e-04	1.65294e-03	3.47046e+00
2.30131e-01	5.30266e-04	1.65294e-03	3.47050e+00
2.40126e-01	5.50826e-04	1.65292e-03	3.47045e+00
2.50118e-01	5.71133e-04	1.65291e-03	3.47039e+00
2.60110e-01	5.91243e-04	1.65292e-03	3.47044e+00
2.70138e-01	6.11226e-04	1.65291e-03	3.47040e+00
2.80133e-01	6.30917e-04	1.65290e-03	3.47049e+00
2.90123e-01	6.50400e-04	1.65290e-03	3.47040e+00
3.00115e-01	6.69645e-04	1.65289e-03	3.47041e+00
3.10140e-01	6.88783e-04	1.65285e-03	3.47034e+00
3.20134e-01	7.07607e-04	1.65286e-03	3.47030e+00
3.30124e-01	7.26244e-04	1.65286e-03	3.47027e+00
3.40118e-01	7.44657e-04	1.65285e-03	3.47031e+00
3.50112e-01	7.62925e-04	1.65287e-03	3.47035e+00
3.60142e-01	7.80995e-04	1.65287e-03	3.47028e+00
3.70137e-01	7.98772e-04	1.65290e-03	3.47027e+00
3.80130e-01	8.16391e-04	1.65293e-03	3.47031e+00
3.90127e-01	8.33747e-04	1.65293e-03	3.47025e+00
4.00157e-01	8.50971e-04	1.65288e-03	3.47021e+00
4.10151e-01	8.67935e-04	1.65289e-03	3.47018e+00
4.20145e-01	8.84669e-04	1.65283e-03	3.47009e+00
4.30140e-01	9.01167e-04	1.65286e-03	3.47012e+00
4.40129e-01	9.17526e-04	1.65285e-03	3.47008e+00
4.50158e-01	9.33680e-04	1.65289e-03	3.47008e+00
4.60148e-01	9.49576e-04	1.65288e-03	3.47011e+00
4.70145e-01	9.65226e-04	1.65288e-03	3.47006e+00
4.80138e-01	9.80755e-04	1.65287e-03	3.47010e+00
4.90166e-01	9.96089e-04	1.65286e-03	3.47007e+00
5.00155e-01	1.01252e-03	1.65286e-03	3.47012e+00
5.10154e-01	1.02730e-03	1.65283e-03	3.46998e+00
5.20149e-01	1.04197e-03	1.65285e-03	3.47001e+00
5.30179e-01	1.05646e-03	1.65284e-03	3.47008e+00
5.40174e-01	1.07076e-03	1.65283e-03	3.47005e+00
5.50167e-01	1.08474e-03	1.65286e-03	3.46999e+00
5.60163e-01	1.09859e-03	1.65290e-03	3.46998e+00
5.70152e-01	1.11218e-03	1.65290e-03	3.47000e+00
5.80176e-01	1.12561e-03	1.65292e-03	3.47000e+00
5.90172e-01	1.13882e-03	1.65293e-03	3.47006e+00
6.00163e-01	1.15187e-03	1.65299e-03	3.47004e+00
6.10156e-01	1.16469e-03	1.65298e-03	3.47006e+00
6.20183e-01	1.17729e-03	1.65297e-03	3.47003e+00
6.30180e-01	1.18968e-03	1.65294e-03	3.47003e+00
6.40171e-01	1.20185e-03	1.65295e-03	3.46992e+00
6.50163e-01	1.21377e-03	1.65293e-03	3.46998e+00
6.60154e-01	1.22558e-03	1.65291e-03	3.46991e+00
6.70184e-01	1.23711e-03	1.65293e-03	3.46989e+00
6.80175e-01	1.24851e-03	1.65290e-03	3.46993e+00
6.90171e-01	1.25957e-03	1.65286e-03	3.46992e+00
7.00161e-01	1.27062e-03	1.65288e-03	3.46983e+00
7.10196e-01	1.28142e-03	1.65286e-03	3.46981e+00
7.20189e-01	1.29195e-03	1.65287e-03	3.46983e+00
7.30178e-01	1.30229e-03	1.65285e-03	3.46985e+00
7.40174e-01	1.31252e-03	1.65285e-03	3.46981e+00
7.50197e-01	1.32253e-03	1.65287e-03	3.46988e+00
7.60192e-01	1.33226e-03	1.65287e-03	3.46978e+00
7.70183e-01	1.34184e-03	1.65285e-03	3.46979e+00
7.80179e-01	1.35116e-03	1.65290e-03	3.46975e+00
7.90171e-01	1.36034e-03	1.65288e-03	3.46975e+00
8.00194e-01	1.36935e-03	1.65287e-03	3.46974e+00
8.10187e-01	1.37814e-03	1.65288e-03	3.46974e+00
8.20177e-01	1.38683e-03	1.65287e-03	3.46973e+00
8.30173e-01	1.39517e-03	1.65282e-03	3.46972e+00
8.40200e-01	1.40348e-03	1.65283e-03	3.46980e+00
8.50194e-01	1.41149e-03	1.65287e-03	3.46977e+00
8.60188e-01	1.41930e-03	1.65287e-03	3.46978e+00
8.70180e-01	1.42713e-03	1.65290e-03	3.46974e+00
8.80172e-01	1.43459e-03	1.65288e-03	3.46982e+00
8.90200e-01	1.44193e-03	1.65295e-03	3.46983e+00
9.00190e-01	1.44909e-03	1.65293e-03	3.46972e+00
9.10182e-01	1.45589e-03	1.65294e-03	3.46977e+00
9.20171e-01	1.46265e-03	1.65293e-03	3.46971e+00
9.30200e-01	1.46918e-03	1.65291e-03	3.46972e+00
9.40194e-01	1.47568e-03	1.65289e-03	3.46968e+00
9.50190e-01	1.48191e-03	1.65290e-03	3.46977e+00
9.60184e-01	1.48802e-03	1.65289e-03	3.46971e+00
9.70174e-01	1.49402e-03	1.65288e-03	3.46970e+00
9.80206e-01	1.49971e-03	1.65290e-03	3.46965e+00
9.90195e-01	1.50524e-03	1.65286e-03	3.46965e+00
1.00019e+00	1.51076e-03	1.65289e-03	3.46976e+00
1.01018e+00	1.51606e-03	1.65287e-03	3.46973e+00
1.02021e+00	1.52119e-03	1.65286e-03	3.46974e+00
1.03019e+00	1.52611e-03	1.65283e-03	3.46968e+00
1.04019e+00	1.53081e-03	1.65286e-03	3.46969e+00
1.05018e+00	1.53548e-03	1.65285e-03	3.46973e+00
1.06021e+00	1.54014e-03	1.65287e-03	3.46970e+00
1.07020e+00	1.54445e-03	1.65289e-03	3.46973e+00
1.08019e+00	1.54866e-03	1.65288e-03	3.46966e+00
1.09018e+00	1.55272e-03	1.65288e-03	3.46969e+00
1.10017e+00	1.55661e-03	1.65283e-03	3.46963e+00
1.11020e+00	1.56046e-03	1.65281e-03	3.46962e+00
1.12019e+00	1.56420e-03	1.65281e-03	3.46965e+00
1.13019e+00	1.56769e-03	1.65285e-03	3.46968e+00
1.14017e+00	1.57111e-03	1.65282e-03	3.46970e+00
1.15021e+00	1.57449e-03	1.65283e-03	3.46967e+00
1.16020e+00	1.57764e-03	1.65284e-03	3.46971e+00
1.17018e+00	1.58081e-03	1.65282e-03	3.46970e+00
1.18018e+00	1.58380e-03	1.65285e-03	3.46970e+00
1.19017e+00	1.58665e-03	1.65284e-03	3.46967e+00
1.20020e+00	1.58951e-03	1.65284e-03	3.46970e+00
1.21019e+00	1.59214e-03	1.65282e-03	3.46974e+00
1.22018e+00	1.59477e-03	1.65280e-03	3.46970e+00
1.23017e+00	1.59724e-03	1.65279e-03	3.46969e+00
1.24019e+00	1.59970e-03	1.65283e-03	3.46966e+00
1.25019e+00	1.60201e-03	1.65285e-03	3.46968e+00
1.26018e+00	1.60414e-03	1.65282e-03	3.46965e+00
1.27017e+00	1.60617e-03	1.65281e-03	3.46960e+00
1.28020e+00	1.60827e-03	1.65279e-03	3.46958e+00
1.29019e+00	1.61024e-03	1.65278e-03	3.46958e+00
1.30019e+00	1.61228e-03	1.65273e-03	3.46956e+00
1.31018e+00	1.61407e-03	1.65278e-03	3.46963e+00
1.32017e+00	1.61595e-03	1.65277e-03	3.46955e+00
1.33020e+00	1.61745e-03	1.65278e-03	3.46955e+00
1.34019e+00	1.61923e-03	1.65279e-03	3.46964e+00
1.35018e+00	1.62085e-03	1.65277e-03	3.46960e+00
1.36017e+00	1.62232e-03	1.65277e-03	3.46955e+00
1.37020e+00	1.62391e-03	1.65276e-03	3.46960e+00
1.38019e+00	1.62536e-03	1.65274e-03	3.46965e+00
1.39018e+00	1.62665e-03	1.65276e-03	3.46960e+00
1.40017e+00	1.62821e-03	1.65277e-03	3.46972e+00
1.41016e+00	1.62937e-03	1.65280e-03	3.46968e+00
1.42019e+00	1.63086e-03	1.65280e-03	3.46967e+00
1.43018e+00	1.63195e-03	1.65279e-03	3.46969e+00
1.44018e+00	1.63310e-03	1.65282e-03	3.46965e+00
1.45017e+00	1.63434e-03	1.65282e-03	3.46970e+00
1.46019e+00	1.63543e-03	1.65279e-03	3.46965e+00
1.47018e+00	1.63658e-03	1.65278e-03	3.46961e+00
1.48018e+00	1.63760e-03	1.65278e-03	3.46970e+00
1.49016e+00	1.63855e-03	1.65281e-03	3.46967e+00
1.50019e+00	1.63960e-03	1.65276e-03	3.46970e+00
1.51018e+00	1.64055e-03	1.65276e-03	3.46968e+00
1.52018e+00	1.64143e-03	1.65277e-03	3.46972e+00
1.53016e+00	1.64246e-03	1.65279e-03	3.46970e+00
1.54016e+00	1.64335e-03	1.65279e-03	3.46968e+00
1.55019e+00	1.64416e-03	1.65280e-03	3.46968e+00
1.56017e+00	1.64490e-03	1.65276e-03	3.46972e+00
1.57017e+00	1.64585e-03	1.65278e-03	3.46973e+00
1.58016e+00	1.64653e-03	1.65279e-03	3.46970e+00
1.59018e+00	1.64725e-03	1.65279e-03	3.46977e+00
1.60017e+00	1.64810e-03	1.65279e-03	3.46974e+00
1.61017e+00	1.64891e-03	1.65278e-03	3.46976e+00
1.62015e+00	1.64956e-03	1.65281e-03	3.46975e+00
1.63015e+00	1.65019e-03	1.65279e-03	3.46979e+00
1.64018e+00	1.65100e-03	1.65274e-03	3.46978e+00
1.65017e+00	1.65154e-03	1.65270e-03	3.46971e+00
1.66015e+00	1.65229e-03	1.65277e-03	3.46982e+00
1.67015e+00	1.65308e-03	1.65276e-03	3.46987e+00
1.68018e+00	1.65358e-03	1.65275e-03	3.46980e+00
1.69016e+00	1.65421e-03	1.65276e-03	3.46982e+00
1.70016e+00	1.65475e-03	1.65274e-03	3.46976e+00
1.71015e+00	1.65535e-03	1.65274e-03	3.46981e+00
1.72014e+00	1.65599e-03	1.65279e-03	3.46986e+00
1.73017e+00	1.65654e-03	1.65272e-03	3.46981e+00
1.74016e+00	1.65702e-03	1.65273e-03	3.46975e+00
1.75015e+00	1.65758e-03	1.65273e-03	3.46977e+00
1.76014e+00	1.65806e-03	1.65272e-03	3.46982e+00
1.77016e+00	1.65866e-03	1.65273e-03	3.46977e+00
1.78015e+00	1.65900e-03	1.65273e-03	3.46980e+00
1.79015e+00	1.65957e-03	1.65273e-03	3.46982e+00
1.80014e+00	1.66004e-03	1.65273e-03	3.46981e+00
1.81016e+00	1.66059e-03	1.65269e-03	3.46983e+00
1.82015e+00	1.66107e-03	1.65274e-03	3.46982e+00
1.83014e+00	1.66155e-03	1.65273e-03	3.46983e+00
1.84013e+00	1.66203e-03	1.65274e-03	3.46975e+00
1.85013e+00	1.66239e-03	1.65275e-03	3.46979e+00
1.86015e+00	1.66285e-03	1.65278e-03	3.46980e+00
1.87014e+00	1.66330e-03	1.65276e-03	3.46982e+00
1.88013e+00	1.66375e-03	1.65274e-03	3.46983e+00
1.89012e+00	1.66417e-03	1.65276e-03	3.46977e+00
1.90014e+00	1.66453e-03	1.65271e-03	3.46982e+00
1.91013e+00	1.66497e-03	1.65273e-03	3.46988e+00
1.92013e+00	1.66540e-03	1.65276e-03	3.46989e+00
1.93012e+00	1.66584e-03	1.65276e-03	3.46992e+00
1.94011e+00	1.66626e-03	1.65275e-03	3.46996e+00
1.95013e+00	1.66677e-03	1.65280e-03	3.46996e+00
1.96012e+00	1.66712e-03	1.65277e-03	3.46992e+00
1.97011e+00	1.66748e-03	1.65279e-03	3.46991e+00
1.98010e+00	1.66770e-03	1.65277e-03	3.46994e+00
1.99012e+00	1.66821e-03	1.65279e-03	3.46992e+00
2.00012e+00	1.66851e-03	1.65281e-03	3.46997e+00
2.01079e+00	1.66893e-03	1.65281e-03	3.46993e+00
2.02108e+00	1.66939e-03	1.65280e-03	3.46993e+00
2.03102e+00	1.66974e-03	1.65283e-03	3.46985e+00
2.04093e+00	1.66988e-03	1.65282e-03	3.46995e+00
2.05087e+00	1.67030e-03	1.65281e-03	3.46998e+00
2.06084e+00	1.67052e-03	1.65279e-03	3.46995e+00
2.07109e+00	1.67093e-03	1.65278e-03	3.46999e+00
2.08103e+00	1.67134e-03	1.65282e-03	3.47004e+00
2.09093e+00	1.67174e-03	1.65281e-03	3.46998e+00
2.10086e+00	1.67199e-03	1.65283e-03	3.47003e+00
2.11082e+00	1.67233e-03	1.65282e-03	3.47003e+00
2.12106e+00	1.67260e-03	1.65284e-03	3.47003e+00
2.13106e+00	1.67301e-03	1.65287e-03	3.47006e+00
2.14097e+00	1.67321e-03	1.65287e-03	3.47002e+00
2.15091e+00	1.67349e-03	1.65289e-03	3.47006e+00
2.16083e+00	1.67371e-03	1.65289e-03	3.47006e+00
2.17108e+00	1.67416e-03	1.65289e-03	3.47010e+00
2.18099e+00	1.67443e-03	1.65286e-03	3.47009e+00
2.19091e+00	1.67473e-03	1.65284e-03	3.47003e+00
2.20084e+00	1.67504e-03	1.65283e-03	3.47009e+00
2.21077e+00	1.67533e-03	1.65284e-03	3.47003e+00
2.22104e+00	1.67557e-03	1.65285e-03	3.47008e+00
2.23100e+00	1.67583e-03	1.65288e-03	3.47014e+00
2.24089e+00	1.67609e-03	1.65288e-03	3.47009e+00
2.25083e+00	1.67640e-03	1.65286e-03	3.47012e+00
2.26078e+00	1.67677e-03	1.65284e-03	3.47009e+00
2.27100e+00	1.67704e-03	1.65286e-03	3.47010e+00
2.28098e+00	1.67729e-03	1.65283e-03	3.47006e+00
2.29095e+00	1.67750e-03	1.65282e-03	3.47004e+00
2.30086e+00	1.67773e-03	1.65282e-03	3.47001e+00
2.31079e+00	1.67788e-03	1.65284e-03	3.47004e+00
2.32106e+00	1.67816e-03	1.65282e-03	3.47000e+00
2.33103e+00	1.67848e-03	1.65283e-03	3.46995e+00
2.34097e+00	1.67872e-03	1.65282e-03	3.47002e+00
2.35088e+00	1.67895e-03	1.65283e-03	3.47000e+00
2.36082e+00	1.67910e-03	1.65279e-03	3.47000e+00
2.37109e+00	1.67942e-03	1.65286e-03	3.47006e+00
2.38104e+00	1.67966e-03	1.65282e-03	3.47007e+00
2.39095e+00	1.67999e-03	1.65283e-03	3.47005e+00
2.40090e+00	1.68028e-03	1.65284e-03	3.47008e+00
2.41084e+00	1.68056e-03	1.65287e-03	3.47010e+00
2.42108e+00	1.68070e-03	1.65284e-03	3.47012e+00
2.43100e+00	1.68094e-03	1.65285e-03	3.47005e+00
2.44097e+00	1.68119e-03	1.65282e-03	3.47011e+00
2.45092e+00	1.68138e-03	1.65284e-03	3.47008e+00
2.46082e+00	1.68166e-03	1.65283e-03	3.47012e+00
2.47107e+00	1.68189e-03	1.65280e-03	3.47013e+00
2.48101e+00	1.68216e-03	1.65280e-03	3.47011e+00
2.49094e+00	1.68241e-03	1.65283e-03	3.47011e+00
2.50091e+00	1.68266e-03	1.65287e-03	3.47014e+00
2.51081e+00	1.68279e-03	1.65285e-03	3.47014e+00
2.52108e+00	1.68299e-03	1.65286e-03	3.47012e+00
2.53103e+00	1.68324e-03	1.65286e-03	3.47015e+00
2.54097e+00	1.68350e-03	1.65289e-03	3.47008e+00
2.55088e+00	1.68364e-03	1.65287e-03	3.47010e+00
2.56083e+00	1.68377e-03	1.65287e-03	3.47011e+00
2.57112e+00	1.68406e-03	1.65289e-03	3.47015e+00
2.58104e+00	1.68417e-03	1.65287e-03	3.47012e+00
2.59095e+00	1.68446e-03	1.65287e-03	3.47015e+00
2.60087e+00	1.68457e-03	1.65283e-03	3.47016e+00
2.61084e+00	1.68484e-03	1.65286e-03	3.47014e+00
2.62112e+00	1.68515e-03	1.65285e-03	3.47014e+00
2.63107e+00	1.68532e-03	1.65290e-03	3.47021e+00
2.64100e+00	1.68558e-03	1.65285e-03	3.47023e+00
2.65095e+00	1.68586e-03	1.65288e-03	3.47019e+00
2.66120e+00	1.68594e-03	1.65286e-03	3.47030e+00
2.67112e+00	1.68623e-03	1.65287e-03	3.47028e+00
2.68104e+00	1.68637e-03	1.65287e-03	3.47023e+00
2.69098e+00	1.68651e-03	1.65285e-03	3.47025e+00
2.70094e+00	1.68683e-03	1.65287e-03	3.47020e+00
2.71122e+00	1.68698e-03	1.65282e-03	3.47021e+00
2.72112e+00	1.68724e-03	1.65282e-03	3.47026e+00
2.73109e+00	1.68732e-03	1.65281e-03	3.47026e+00
2.74105e+00	1.68751e-03	1.65284e-03	3.47026e+00
2.75095e+00	1.68782e-03	1.65285e-03	3.47022e+00
2.76120e+00	1.68794e-03	1.65287e-03	3.47027e+00
2.77114e+00	1.68813e-03	1.65289e-03	3.47027e+00
2.78110e+00	1.68834e-03	1.65289e-03	3.47028e+00
2.79103e+00	1.68854e-03	1.65286e-03	3.47023e+00
2.80093e+00	1.68869e-03	1.65287e-03	3.47028e+00
2.81119e+00	1.68897e-03	1.65289e-03	3.47026e+00
2.82112e+00	1.68915e-03	1.65291e-03	3.47030e+00
2.83109e+00	1.68934e-03	1.65291e-03	3.47029e+00
2.84097e+00	1.68943e-03	1.65289e-03	3.47030e+00
2.85090e+00	1.68967e-03	1.65288e-03	3.47022e+00
2.86117e+00	1.68988e-03	1.65289e-03	3.47027e+00
2.87114e+00	1.68997e-03	1.65292e-03	3.47027e+00
2.88107e+00	1.69013e-03	1.65291e-03	3.47035e+00
2.89098e+00	1.69047e-03	1.65291e-03	3.47037e+00
2.90092e+00	1.69067e-03	1.65294e-03	3.47032e+00
2.91121e+00	1.69074e-03	1.65298e-03	3.47034e+00
2.92111e+00	1.69099e-03	1.65296e-03	3.47033e+00
2.93104e+00	1.69114e-03	1.65297e-03	3.47042e+00
2.94099e+00	1.69126e-03	1.65296e-03	3.47040e+00
2.95095e+00	1.69149e-03	1.65300e-03	3.47034e+00
2.96121e+00	1.69165e-03	1.65297e-03	3.47032e+00
2.97112e+00	1.69181e-03	1.65299e-03	3.47035e+00
2.98106e+00	1.69197e-03	1.65298e-03	3.47035e+00
2.99103e+00	1.69218e-03	1.65298e-03	3.47039e+00
3.00099e+00	1.69230e-03	1.65298e-03	3.47045e+00
3.01123e+00	1.69258e-03	1.65295e-03	3.47041e+00
3.02114e+00	1.69267e-03	1.65292e-03	3.47039e+00
3.03110e+00	1.69276e-03	1.65292e-03	3.47039e+00
3.04103e+00	1.69286e-03	1.65292e-03	3.47042e+00
3.05096e+00	1.69307e-03	1.65292e-03	3.47039e+00
3.06123e+00	1.69313e-03	1.65294e-03	3.47035e+00
3.07115e+00	1.69348e-03	1.65295e-03	3.47043e+00
3.08108e+00	1.69348e-03	1.65293e-03	3.47040e+00
3.09101e+00	1.69363e-03	1.65293e-03	3.47031e+00
3.10094e+00	1.69371e-03	1.65293e-03	3.47044e+00
3.11120e+00	1.69403e-03	1.65293e-03	3.47035e+00
3.12114e+00	1.69420e-03	1.65292e-03	3.47040e+00
3.13109e+00	1.69439e-03	1.65293e-03	3.47034e+00
3.14101e+00	1.69446e-03	1.65293e-03	3.47035e+00
3.15094e+00	1.69464e-03	1.65295e-03	3.47039e+00
3.16119e+00	1.69481e-03	1.65293e-03	3.47040e+00
3.17111e+00	1.69486e-03	1.65291e-03	3.47039e+00
3.18107e+00	1.69508e-03	1.65290e-03	3.47042e+00
3.19103e+00	1.69526e-03	1.65290e-03	3.47040e+00
3.20097e+00	1.69547e-03	1.65286e-03	3.47032e+00
3.21124e+00	1.69551e-03	1.65289e-03	3.47038e+00
3.22115e+00	1.69572e-03	1.65290e-03	3.47038e+00
3.23110e+00	1.69590e-03	1.65289e-03	3.47043e+00
3.24103e+00	1.69594e-03	1.65292e-03	3.47040e+00
3.25095e+00	1.69600e-03	1.65291e-03	3.47039e+00
3.26120e+00	1.69628e-03	1.65292e-03	3.47046e+00
3.27115e+00	1.69649e-03	1.65291e-03	3.47044e+00
3.28112e+00	1.69668e-03	1.65291e-03	3.47043e+00
3.29105e+00	1.69678e-03	1.65289e-03	3.47044e+00
3.30101e+00	1.69693e-03	1.65289e-03	3.47051e+00
3.31126e+00	1.69705e-03	1.65284e-03	3.47045e+00
3.32119e+00	1.69726e-03	1.65286e-03	3.47047e+00
3.33114e+00	1.69734e-03	1.65285e-03	3.47043e+00
3.34107e+00	1.69749e-03	1.65287e-03	3.47040e+00
3.35131e+00	1.69768e-03	1.65285e-03	3.47042e+00
3.36125e+00	1.69779e-03	1.65287e-03	3.47044e+00
3.37119e+00	1.69788e-03	1.65288e-03	3.47040e+00
3.38112e+00	1.69818e-03	1.65290e-03	3.47047e+00
3.39104e+00	1.69832e-03	1.65293e-03	3.47050e+00
3.40130e+00	1.69841e-03	1.65286e-03	3.47047e+00
3.41122e+00	1.69850e-03	1.65291e-03	3.47045e+00
3.42115e+00	1.69862e-03	1.65291e-03	3.47036e+00
3.43108e+00	1.69873e-03	1.65287e-03	3.47048e+00
3.44105e+00	1.69891e-03	1.65284e-03	3.47046e+00
3.45130e+00	1.69907e-03	1.65284e-03	3.47044e+00
3.46126e+00	1.69921e-03	1.65282e-03	3.47046e+00
3.47118e+00	1.69917e-03	1.65282e-03	3.47041e+00
3.48111e+00	1.69929e-03	1.65280e-03	3.47041e+00
3.49104e+00	1.69945e-03	1.65280e-03	3.47035e+00
3.50135e+00	1.69957e-03	1.65279e-03	3.47044e+00
3.51130e+00	1.69971e-03	1.65278e-03	3.47042e+00
3.52123e+00	1.69988e-03	1.65284e-03	3.47052e+00
3.53118e+00	1.70001e-03	1.65284e-03	3.47046e+00
3.54114e+00	1.70026e-03	1.65286e-03	3.47048e+00
3.55139e+00	1.70042e-03	1.65284e-03	3.47047e+00
3.56131e+00	1.70043e-03	1.65288e-03	3.47049e+00
3.57123e+00	1.70046e-03	1.65287e-03	3.47041e+00
3.58116e+00	1.70069e-03	1.65284e-03	3.47050e+00
3.59109e+00	1.70091e-03	1.65285e-03	3.47048e+00
3.60138e+00	1.70100e-03	1.65290e-03	3.47054e+00
3.61131e+00	1.70116e-03	1.65287e-03	3.47053e+00
3.62125e+00	1.70130e-03	1.65288e-03	3.47050e+00
3.63117e+00	1.70144e-03	1.65289e-03	3.47055e+00
3.64110e+00	1.70150e-03	1.65289e-03	3.47051e+00
3.65133e+00	1.70176e-03	1.65290e-03	3.47057e+00
3.66125e+00	1.70184e-03	1.65288e-03	3.47055e+00
3.67121e+00	1.70198e-03	1.65287e-03	3.47064e+00
3.68113e+00	1.70216e-03	1.65289e-03	3.47062e+00
3.69109e+00	1.70228e-03	1.65292e-03	3.47062e+00
3.70136e+00	1.70236e-03	1.65293e-03	3.47060e+00
3.71128e+00	1.70251e-03	1.65291e-03	3.47057e+00
3.72121e+00	1.70265e-03	1.65288e-03	3.47060e+00
3.73113e+00	1.70284e-03	1.65285e-03	3.47056e+00
3.74107e+00	1.70289e-03	1.65290e-03	3.47060e+00
3.75135e+00	1.70300e-03	1.65292e-03	3.47070e+00
3.76129e+00	1.70316e-03	1.65293e-03	3.47060e+00
3.77122e+00	1.70316e-03	1.65292e-03	3.47060e+00
3.78115e+00	1.70349e-03	1.65291e-03	3.47059e+00
3.79109e+00	1.70357e-03	1.65291e-03	3.47060e+00
3.80136e+00	1.70369e-03	1.65291e-03	3.47058e+00
3.81130e+00	1.70362e-03	1.65292e-03	3.47069e+00
3.82125e+00	1.70382e-03	1.65289e-03	3.47066e+00
3.83116e+00	1.70409e-03	1.65289e-03	3.47065e+00
3.84106e+00	1.70420e-03	1.65289e-03	3.47066e+00
3.85132e+00	1.70429e-03	1.65292e-03	3.47073e+00
3.86126e+00	1.70446e-03	1.65285e-03	3.47070e+00
3.87120e+00	1.70458e-03	1.65286e-03	3.47072e+00
3.88115e+00	1.70471e-03	1.65286e-03	3.47068e+00
3.89107e+00	1.70480e-03	1.65285e-03	3.47059e+00
3.90133e+00	1.70490e-03	1.65287e-03	3.47068e+00
3.91123e+00	1.70508e-03	1.65289e-03	3.47071e+00
3.92117e+00	1.70522e-03	1.65287e-03	3.47069e+00
3.93114e+00	1.70525e-03	1.65286e-03	3.47070e+00
3.94109e+00	1.70535e-03	1.65284e-03	3.47069e+00
3.95137e+00	1.70551e-03	1.65286e-03	3.47067e+00
3.96131e+00	1.70574e-03	1.65287e-03	3.47073e+00
3.97122e+00	1.70577e-03	1.65286e-03	3.47071e+00
3.98115e+00	1.70580e-03	1.65284e-03	3.47066e+00
3.99110e+00	1.70597e-03	1.65284e-03	3.47072e+00
4.00134e+00	1.70603e-03	1.65282e-03	3.47066e+00
4.01129e+00	1.70609e-03	1.65282e-03	3.47065e+00
4.02120e+00	1.70613e-03	1.65281e-03	3.47068e+00
4.03115e+00	1.70625e-03	1.65281e-03	3.47063e+00
4.04138e+00	1.70650e-03	1.65280e-03	3.47070e+00
4.05131e+00	1.70671e-03	1.65281e-03	3.47078e+00
4.06125e+00	1.70680e-03	1.65287e-03	3.47069e+00
4.07119e+00	1.70686e-03	1.65287e-03	3.47072e+00
4.08113e+00	1.70694e-03	1.65283e-03	3.47068e+00
4.09137e+00	1.70707e-03	1.65278e-03	3.47065e+00
4.10128e+00	1.70712e-03	1.65283e-03	3.47069e+00
4.11124e+00	1.70718e-03	1.65277e-03	3.47060e+00
4.12118e+00	1.70728e-03	1.65279e-03	3.47071e+00
4.13112e+00	1.70745e-03	1.65277e-03	3.47066e+00
4.14135e+00	1.70764e-03	1.65280e-03	3.47069e+00
4.15132e+00	1.70767e-03	1.65279e-03	3.47071e+00
4.16123e+00	1.70791e-03	1.65278e-03	3.47075e+00
4.17116e+00	1.70798e-03	1.65282e-03	3.47073e+00
4.18114e+00	1.70807e-03	1.65282e-03	3.47078e+00
4.19136e+00	1.70818e-03	1.65281e-03	3.47075e+00
4.20134e+00	1.70831e-03	1.65284e-03	3.47075e+00
4.21127e+00	1.70839e-03	1.65281e-03	3.47074e+00
4.22122e+00	1.70854e-03	1.65280e-03	3.47067e+00
4.23114e+00	1.70860e-03	1.65281e-03	3.47067e+00
4.24140e+00	1.70871e-03	1.65279e-03	3.47070e+00
4.25131e+00	1.70878e-03	1.65279e-03	3.47073e+00
4.26127e+00	1.70899e-03	1.65279e-03	3.47081e+00
4.27121e+00	1.70907e-03	1.65277e-03	3.47075e+00
4.28111e+00	1.70929e-03	1.65275e-03	3.47075e+00
4.29137e+00	1.70928e-03	1.65279e-03	3.47074e+00
4.30135e+00	1.70949e-03	1.65280e-03	3.47085e+00
4.31126e+00	1.70958e-03	1.65282e-03	3.47075e+00
4.32118e+00	1.70965e-03	1.65284e-03	3.47088e+00
4.33110e+00	1.70968e-03	1.65285e-03	3.47082e+00
4.34139e+00	1.70994e-03	1.65286e-03	3.47086e+00
4.35134e+00	1.71008e-03	1.65285e-03	3.47085e+00
4.36124e+00	1.71025e-03	1.65287e-03	3.47086e+00
4.37121e+00	1.71040e-03	1.65283e-03	3.47085e+00
4.38114e+00	1.71040e-03	1.65284e-03	3.47088e+00
4.39139e+00	1.71061e-03	1.65287e-03	3.47090e+00
4.40134e+00	1.71068e-03	1.65286e-03	3.47088e+00
4.41124e+00	1.71072e-03	1.65288e-03	3.47082e+00
4.42116e+00	1.71082e-03	1.65287e-03	3.47080e+00
4.43114e+00	1.71081e-03	1.65286e-03	3.47081e+00
4.44139e+00	1.71090e-03	1.65287e-03	3.47086e+00
4.45124e+00	1.71113e-03	1.65288e-03	3.47085e+00
4.46118e+00	1.71116e-03	1.65286e-03	3.47084e+00
4.47112e+00	1.71127e-03	1.65285e-03	3.47084e+00
4.48108e+00	1.71133e-03	1.65286e-03	3.47089e+00
4.49130e+00	1.71152e-03	1.65285e-03	3.47086e+00
4.50123e+00	1.71172e-03	1.65291e-03	3.47083e+00
4.51119e+00	1.71174e-03	1.65290e-03	3.47092e+00
4.52112e+00	1.71201e-03	1.65293e-03	3.47092e+00
4.53105e+00	1.71194e-03	1.65290e-03	3.47092e+00
4.54129e+00	1.71210e-03	1.65288e-03	3.47097e+00
4.55123e+00	1.71211e-03	1.65289e-03	3.47090e+00
4.56119e+00	1.71240e-03	1.65290e-03	3.47098e+00
4.57110e+00	1.71249e-03	1.65288e-03	3.47095e+00
4.58103e+00	1.71254e-03	1.65289e-03	3.47092e+00
4.59132e+00	1.71271e-03	1.65286e-03	3.47092e+00
4.60127e+00	1.71271e-03	1.65287e-03	3.47096e+00
4.61122e+00	1.71297e-03	1.65290e-03	3.47100e+00
4.62115e+00	1.71298e-03	1.65288e-03	3.47096e+00
4.63108e+00	1.71306e-03	1.65290e-03	3.47103e+00
4.64135e+00	1.71316e-03	1.65286e-03	3.47095e+00
4.65126e+00	1.71332e-03	1.65291e-03	3.47096e+00
4.66118e+00	1.71317e-03	1.65289e-03	3.47091e+00
4.67112e+00	1.71336e-03	1.65290e-03	3.47095e+00
4.68141e+00	1.71340e-03	1.65287e-03	3.47087e+00
4.69135e+00	1.71360e-03	1.65286e-03	3.47091e+00
4.70126e+00	1.71365e-03	1.65284e-03	3.47090e+00
4.71121e+00	1.71381e-03	1.65287e-03	3.47086e+00
4.72115e+00	1.71382e-03	1.65282e-03	3.47093e+00
4.73139e+00	1.71389e-03	1.65283e-03	3.47096e+00
4.74130e+00	1.71408e-03	1.65285e-03	3.47097e+00
4.75129e+00	1.71418e-03	1.65282e-03	3.47093e+00
4.76121e+00	1.71425e-03	1.65281e-03	3.47085e+00
4.77117e+00	1.71422e-03	1.65279e-03	3.47089e+00
4.78144e+00	1.71438e-03	1.65285e-03	3.47090e+00
4.79136e+00	1.71453e-03	1.65284e-03	3.47093e+00
4.80130e+00	1.71460e-03	1.65287e-03	3.47096e+00
4.81121e+00	1.71480e-03	1.65284e-03	3.47102e+00
4.82117e+00	1.71487e-03	1.65285e-03	3.47100e+00
4.83145e+00	1.71494e-03	1.65284e-03	3.47102e+00
4.84133e+00	1.71503e-03	1.65287e-03	3.47098e+00
4.85129e+00	1.71513e-03	1.65288e-03	3.47099e+00
4.86125e+00	1.71521e-03	1.65287e-03	3.47101e+00
4.87117e+00	1.71528e-03	1.65286e-03	3.47101e+00
4.88141e+00	1.71543e-03	1.65287e-03	3.47098e+00
4.89137e+00	1.71550e-03	1.65285e-03	3.47099e+00
4.90130e+00	1.71568e-03	1.65288e-03	3.47104e+00
4.91122e+00	1.71570e-03	1.65290e-03	3.47103e+00
4.92121e+00	1.71569e-03	1.65287e-03	3.47097e+00
4.93144e+00	1.71586e-03	1.65287e-03	3.47099e+00
4.94143e+00	1.71598e-03	1.65287e-03	3.47101e+00
4.95137e+00	1.71609e-03	1.65284e-03	3.47100e+00
4.96130e+00	1.71620e-03	1.65288e-03	3.47096e+00
4.97122e+00	1.71618e-03	1.65288e-03	3.47100e+00
4.98151e+00	1.71631e-03	1.65289e-03	3.47096e+00
4.99141e+00	1.71641e-03	1.65283e-03	3.47091e+00
5.00138e+00	1.71642e-03	1.65282e-03	3.47093e+00
