VSB	ID	VGB
1.04713e-04	1.08153e-03	3.00112e+00
1.00980e-02	1.05767e-03	3.00095e+00
2.00996e-02	1.03470e-03	3.00095e+00
3.01003e-02	1.01184e-03	3.00093e+00
4.00999e-02	9.88736e-04	3.00091e+00
5.01097e-02	9.66420e-04	3.00092e+00
6.01090e-02	9.44368e-04	3.00091e+00
7.01089e-02	9.22481e-04	3.00092e+00
8.01104e-02	9.00919e-04	3.00093e+00
9.01088e-02	8.79615e-04	3.00093e+00
1.00112e-01	8.58487e-04	3.00091e+00
1.10112e-01	8.37598e-04	3.00091e+00
1.20112e-01	8.17009e-04	3.00094e+00
1.30112e-01	7.96606e-04	3.00093e+00
1.40112e-01	7.76441e-04	3.00092e+00
1.50111e-01	7.56522e-04	3.00089e+00
1.60110e-01	7.36841e-04	3.00092e+00
1.70111e-01	7.17389e-04	3.00092e+00
1.80111e-01	6.98191e-04	3.00093e+00
1.90106e-01	6.79241e-04	3.00093e+00
2.00105e-01	6.60554e-04	3.00093e+00
2.10137e-01	6.42039e-04	3.00092e+00
2.20121e-01	6.23868e-04	3.00095e+00
2.30113e-01	6.05933e-04	3.00095e+00
2.40138e-01	5.88163e-04	3.00098e+00
2.50127e-01	5.70682e-04	3.00097e+00
2.60148e-01	5.53394e-04	3.00095e+00
2.70144e-01	5.36423e-04	3.00098e+00
2.80128e-01	5.19673e-04	3.00096e+00
2.90148e-01	5.03141e-04	3.00094e+00
3.00138e-01	4.86927e-04	3.00094e+00
3.10121e-01	4.71013e-04	3.00097e+00
3.20146e-01	4.55229e-04	3.00096e+00
3.30133e-01	4.39747e-04	3.00095e+00
3.40124e-01	4.24566e-04	3.00097e+00
3.50149e-01	4.09521e-04	3.00099e+00
3.60143e-01	3.94841e-04	3.00099e+00
3.70129e-01	3.80366e-04	3.00100e+00
3.80154e-01	3.66191e-04	3.00101e+00
3.90144e-01	3.52257e-04	3.00099e+00
4.00131e-01	3.38614e-04	3.00097e+00
4.10151e-01	3.25133e-04	3.00100e+00
4.20142e-01	3.12022e-04	3.00101e+00
4.30125e-01	2.99116e-04	3.00100e+00
4.40147e-01	2.86487e-04	3.00097e+00
4.50135e-01	2.74148e-04	3.00098e+00
4.60124e-01	2.62089e-04	3.00097e+00
4.70151e-01	2.50205e-04	3.00097e+00
4.80140e-01	2.38685e-04	3.00095e+00
4.90124e-01	2.27431e-04	3.00096e+00
5.00148e-01	2.16365e-04	3.00096e+00
5.10133e-01	2.05656e-04	3.00096e+00
5.20157e-01	1.95164e-04	3.00098e+00
5.30145e-01	1.84977e-04	3.00097e+00
5.40135e-01	1.75057e-04	3.00096e+00
5.50159e-01	1.65409e-04	3.00095e+00
5.60150e-01	1.56059e-04	3.00095e+00
5.70137e-01	1.47000e-04	3.00095e+00
5.80159e-01	1.38171e-04	3.00094e+00
5.90146e-01	1.29668e-04	3.00094e+00
6.00132e-01	1.21454e-04	3.00096e+00
6.10156e-01	1.13451e-04	3.00093e+00
6.20139e-01	1.05811e-04	3.00096e+00
6.30125e-01	9.84201e-05	3.00095e+00
6.40152e-01	9.12953e-05	3.00097e+00
6.50141e-01	8.44792e-05	3.00096e+00
6.60129e-01	7.79505e-05	3.00095e+00
6.70153e-01	7.16734e-05	3.00094e+00
6.80140e-01	6.57182e-05	3.00099e+00
6.90125e-01	6.00391e-05	3.00097e+00
7.00146e-01	5.46448e-05	3.00098e+00
7.10138e-01	4.95289e-05	3.00096e+00
7.20123e-01	4.47012e-05	3.00096e+00
7.30148e-01	4.01374e-05	3.00097e+00
7.40131e-01	3.58825e-05	3.00097e+00
7.50118e-01	3.18945e-05	3.00095e+00
7.60152e-01	2.81652e-05	3.00096e+00
7.70138e-01	2.47426e-05	3.00097e+00
7.80163e-01	2.15617e-05	3.00098e+00
7.90149e-01	1.86517e-05	3.00097e+00
8.00140e-01	1.60118e-05	3.00098e+00
8.10163e-01	1.36142e-05	3.00097e+00
8.20149e-01	1.14742e-05	3.00095e+00
8.30140e-01	9.57493e-06	3.00099e+00
8.40169e-01	7.89499e-06	3.00100e+00
8.50158e-01	6.43682e-06	3.00100e+00
8.60143e-01	5.18485e-06	3.00099e+00
8.70164e-01	4.12096e-06	3.00098e+00
8.80152e-01	3.23247e-06	3.00096e+00
8.90141e-01	2.50095e-06	3.00098e+00
9.00163e-01	1.90941e-06	3.00098e+00
9.10155e-01	1.43799e-06	3.00099e+00
9.20144e-01	1.06945e-06	3.00100e+00
9.30169e-01	7.84976e-07	3.00098e+00
9.40155e-01	5.70892e-07	3.00097e+00
9.50144e-01	4.10830e-07	3.00097e+00
9.60167e-01	2.92976e-07	3.00099e+00
9.70154e-01	2.07302e-07	3.00096e+00
9.80141e-01	1.45856e-07	3.00097e+00
9.90162e-01	1.01954e-07	3.00097e+00
1.00015e+00	7.12178e-08	3.00095e+00
1.01014e+00	4.95230e-08	3.00095e+00
1.02015e+00	3.42763e-08	3.00096e+00
1.03014e+00	2.37308e-08	3.00099e+00
1.04017e+00	1.63527e-08	3.00101e+00
1.05015e+00	1.12587e-08	3.00098e+00
1.06014e+00	7.75529e-09	3.00100e+00
1.07017e+00	5.32452e-09	3.00096e+00
1.08016e+00	3.65821e-09	3.00098e+00
1.09014e+00	2.51316e-09	3.00099e+00
1.10016e+00	1.72398e-09	3.00097e+00
1.11015e+00	1.18024e-09	3.00098e+00
1.12014e+00	8.15788e-10	3.00102e+00
1.13016e+00	5.60858e-10	3.00100e+00
1.14016e+00	3.85327e-10	3.00102e+00
1.15014e+00	2.64495e-10	3.00102e+00
1.16016e+00	1.81722e-10	3.00102e+00
1.17014e+00	1.25027e-10	3.00104e+00
1.18013e+00	8.63324e-11	3.00104e+00
1.19016e+00	5.96689e-11	3.00101e+00
1.20015e+00	4.15937e-11	3.00106e+00
1.21014e+00	2.91438e-11	3.00101e+00
1.22016e+00	2.06779e-11	3.00100e+00
1.23015e+00	1.49678e-11	3.00101e+00
1.24013e+00	1.09869e-11	3.00096e+00
1.25015e+00	8.28683e-12	3.00097e+00
1.26014e+00	6.46412e-12	3.00097e+00
1.27013e+00	5.17738e-12	3.00096e+00
1.28016e+00	4.33338e-12	3.00100e+00
1.29014e+00	3.75175e-12	3.00106e+00
1.30016e+00	3.32427e-12	3.00107e+00
1.31015e+00	3.04294e-12	3.00101e+00
1.32014e+00	2.83015e-12	3.00105e+00
1.33017e+00	2.66898e-12	3.00104e+00
1.34016e+00	2.58148e-12	3.00103e+00
1.35015e+00	2.47979e-12	3.00101e+00
1.36017e+00	2.43068e-12	3.00098e+00
1.37016e+00	2.37596e-12	3.00098e+00
1.38014e+00	2.33185e-12	3.00103e+00
1.39016e+00	2.32387e-12	3.00102e+00
1.40014e+00	2.29621e-12	3.00102e+00
1.41014e+00	2.27427e-12	3.00107e+00
1.42015e+00	2.22409e-12	3.00108e+00
1.43014e+00	2.22743e-12	3.00108e+00
1.44013e+00	2.23076e-12	3.00105e+00
1.45015e+00	2.20549e-12	3.00105e+00
1.46014e+00	2.18284e-12	3.00106e+00
1.47011e+00	2.15530e-12	3.00113e+00
1.48014e+00	2.12216e-12	3.00111e+00
1.49013e+00	2.10476e-12	3.00109e+00
1.50012e+00	2.08616e-12	3.00105e+00
1.51014e+00	2.06172e-12	3.00104e+00
1.52014e+00	2.06578e-12	3.00103e+00
1.53015e+00	2.04313e-12	3.00105e+00
1.54015e+00	1.99938e-12	3.00106e+00
1.55013e+00	2.00939e-12	3.00101e+00
1.56016e+00	1.96660e-12	3.00103e+00
1.57014e+00	1.95265e-12	3.00103e+00
1.58013e+00	1.94883e-12	3.00099e+00
1.59016e+00	1.91355e-12	3.00098e+00
1.60015e+00	1.88839e-12	3.00107e+00
1.61013e+00	1.89042e-12	3.00104e+00
1.62015e+00	1.84906e-12	3.00103e+00
1.63014e+00	1.83213e-12	3.00102e+00
1.64013e+00	1.79732e-12	3.00101e+00
1.65016e+00	1.79505e-12	3.00100e+00
1.66015e+00	1.78397e-12	3.00103e+00
1.67013e+00	1.76930e-12	3.00104e+00
1.68015e+00	1.75714e-12	3.00108e+00
1.69013e+00	1.73271e-12	3.00105e+00
1.70011e+00	1.73616e-12	3.00111e+00
1.71013e+00	1.70207e-12	3.00109e+00
1.72012e+00	1.68812e-12	3.00110e+00
1.73010e+00	1.68955e-12	3.00107e+00
1.74012e+00	1.68049e-12	3.00104e+00
1.75011e+00	1.65296e-12	3.00102e+00
1.76009e+00	1.63305e-12	3.00102e+00
1.77011e+00	1.61970e-12	3.00104e+00
1.78011e+00	1.60468e-12	3.00103e+00
1.79014e+00	1.58858e-12	3.00107e+00
1.80012e+00	1.54984e-12	3.00106e+00
1.81010e+00	1.54269e-12	3.00106e+00
1.82012e+00	1.51920e-12	3.00100e+00
1.83011e+00	1.50275e-12	3.00107e+00
1.84009e+00	1.50681e-12	3.00103e+00
1.85011e+00	1.48761e-12	3.00104e+00
1.86010e+00	1.46794e-12	3.00101e+00
1.87008e+00	1.45566e-12	3.00103e+00
1.88010e+00	1.41191e-12	3.00105e+00
1.89009e+00	1.38009e-12	3.00111e+00
1.90007e+00	1.39904e-12	3.00114e+00
1.91010e+00	1.36530e-12	3.00115e+00
1.92008e+00	1.34218e-12	3.00108e+00
1.93007e+00	1.32358e-12	3.00107e+00
1.94010e+00	1.31106e-12	3.00106e+00
1.95009e+00	1.29080e-12	3.00107e+00
1.96007e+00	1.27590e-12	3.00110e+00
1.97009e+00	1.25837e-12	3.00110e+00
1.98008e+00	1.21784e-12	3.00107e+00
1.99006e+00	1.21963e-12	3.00109e+00
2.00008e+00	1.21593e-12	3.00112e+00
2.01116e+00	1.16611e-12	3.00107e+00
2.02139e+00	1.16765e-12	3.00110e+00
2.03132e+00	1.14226e-12	3.00108e+00
2.04128e+00	1.12998e-12	3.00107e+00
2.05117e+00	1.12748e-12	3.00103e+00
2.06112e+00	1.12033e-12	3.00107e+00
2.07141e+00	1.08588e-12	3.00107e+00
2.08135e+00	1.08302e-12	3.00110e+00
2.09126e+00	1.02556e-12	3.00111e+00
2.10121e+00	1.02949e-12	3.00116e+00
2.11114e+00	1.02282e-12	3.00111e+00
2.12137e+00	1.01256e-12	3.00106e+00
2.13138e+00	9.73701e-13	3.00107e+00
2.14134e+00	9.60231e-13	3.00112e+00
2.15127e+00	9.64761e-13	3.00113e+00
2.16121e+00	9.42826e-13	3.00112e+00
2.17143e+00	9.05275e-13	3.00112e+00
2.18138e+00	9.22561e-13	3.00110e+00
2.19134e+00	9.00865e-13	3.00104e+00
2.20122e+00	8.87752e-13	3.00102e+00
2.21114e+00	8.54254e-13	3.00104e+00
2.22139e+00	8.36849e-13	3.00105e+00
2.23137e+00	8.10742e-13	3.00102e+00
2.24133e+00	8.23259e-13	3.00104e+00
2.25127e+00	7.61747e-13	3.00101e+00
2.26121e+00	7.51972e-13	3.00100e+00
2.27150e+00	7.59721e-13	3.00100e+00
2.28142e+00	7.27654e-13	3.00101e+00
2.29127e+00	7.00116e-13	3.00103e+00
2.30122e+00	6.94513e-13	3.00105e+00
2.31121e+00	6.91414e-13	3.00102e+00
2.32147e+00	6.77824e-13	3.00104e+00
2.33143e+00	6.50525e-13	3.00102e+00
2.34135e+00	6.42180e-13	3.00100e+00
2.35127e+00	6.25253e-13	3.00107e+00
2.36120e+00	5.80311e-13	3.00101e+00
2.37148e+00	5.84841e-13	3.00102e+00
2.38141e+00	5.59926e-13	3.00101e+00
2.39134e+00	5.46575e-13	3.00100e+00
2.40130e+00	5.40972e-13	3.00099e+00
2.41123e+00	5.33223e-13	3.00101e+00
2.42147e+00	4.91738e-13	3.00111e+00
2.43136e+00	4.93526e-13	3.00115e+00
2.44132e+00	4.55260e-13	3.00104e+00
2.45129e+00	4.64320e-13	3.00103e+00
2.46118e+00	4.28796e-13	3.00099e+00
2.47118e+00	4.23193e-13	3.00099e+00
2.48142e+00	4.29273e-13	3.00096e+00
2.49133e+00	3.93510e-13	3.00095e+00
2.50126e+00	3.85523e-13	3.00096e+00
2.51111e+00	3.80516e-13	3.00098e+00
2.52112e+00	3.37601e-13	3.00100e+00
2.53141e+00	3.31521e-13	3.00102e+00
2.54136e+00	3.15428e-13	3.00102e+00
2.55133e+00	3.00527e-13	3.00107e+00
2.56121e+00	2.79307e-13	3.00110e+00
2.57116e+00	2.65598e-13	3.00105e+00
2.58148e+00	2.46525e-13	3.00103e+00
2.59134e+00	2.22325e-13	3.00104e+00
2.60123e+00	2.08855e-13	3.00101e+00
2.61120e+00	1.91212e-13	3.00108e+00
2.62124e+00	1.98841e-13	3.00111e+00
2.63142e+00	1.71423e-13	3.00116e+00
2.64135e+00	1.52946e-13	3.00115e+00
2.65131e+00	1.53542e-13	3.00111e+00
2.66125e+00	1.38760e-13	3.00113e+00
2.67117e+00	1.38044e-13	3.00114e+00
2.68139e+00	1.06096e-13	3.00112e+00
2.69141e+00	9.02414e-14	3.00111e+00
2.70139e+00	8.83341e-14	3.00109e+00
2.71132e+00	3.56436e-14	3.00110e+00
2.72118e+00	2.39611e-14	3.00109e+00
2.73144e+00	2.19345e-14	3.00106e+00
2.74139e+00	7.74860e-15	3.00109e+00
2.75136e+00	-6.19888e-15	3.00108e+00
2.76135e+00	-2.59876e-14	3.00105e+00
2.77129e+00	-1.65701e-14	3.00104e+00
2.78147e+00	-4.82798e-14	3.00106e+00
2.79145e+00	-5.62668e-14	3.00106e+00
2.80139e+00	-8.09431e-14	3.00100e+00
2.81123e+00	-9.71556e-14	3.00102e+00
2.82118e+00	-1.18256e-13	3.00102e+00
2.83142e+00	-1.25647e-13	3.00095e+00
2.84133e+00	-1.42932e-13	3.00096e+00
2.85132e+00	-1.64866e-13	3.00096e+00
2.86123e+00	-1.70588e-13	3.00095e+00
2.87123e+00	-1.77145e-13	3.00097e+00
2.88146e+00	-2.15054e-13	3.00097e+00
2.89134e+00	-2.17795e-13	3.00105e+00
2.90127e+00	-2.40207e-13	3.00102e+00
2.91125e+00	-2.53677e-13	3.00098e+00
2.92120e+00	-2.69651e-13	3.00096e+00
2.93139e+00	-3.12686e-13	3.00100e+00
2.94132e+00	-3.34144e-13	3.00103e+00
2.95132e+00	-3.64065e-13	3.00102e+00
2.96129e+00	-4.06265e-13	3.00102e+00
2.97123e+00	-4.65035e-13	3.00111e+00
2.98153e+00	-5.35130e-13	3.00109e+00
2.99146e+00	-6.29425e-13	3.00104e+00
3.00138e+00	-7.14779e-13	3.00105e+00