VGB	ID	VDS
9.44376e-05	6.29544e-13	1.31058e-02
1.00931e-02	5.99742e-13	1.31017e-02
2.00946e-02	5.87702e-13	1.30991e-02
3.00969e-02	5.57184e-13	1.31041e-02
4.00944e-02	5.46694e-13	1.31059e-02
5.01045e-02	5.47528e-13	1.31050e-02
6.00983e-02	5.36680e-13	1.31030e-02
7.00971e-02	5.62429e-13	1.31044e-02
8.01021e-02	5.46455e-13	1.31034e-02
9.01003e-02	5.70059e-13	1.31036e-02
1.00104e-01	6.17623e-13	1.30974e-02
1.10104e-01	6.44088e-13	1.30987e-02
1.20095e-01	6.67095e-13	1.31022e-02
1.30093e-01	7.33495e-13	1.31045e-02
1.40095e-01	8.02994e-13	1.31002e-02
1.50097e-01	8.60453e-13	1.31054e-02
1.60099e-01	9.18031e-13	1.31056e-02
1.70094e-01	1.01960e-12	1.31057e-02
1.80099e-01	1.06502e-12	1.31060e-02
1.90093e-01	1.15752e-12	1.31050e-02
2.00093e-01	1.28949e-12	1.31024e-02
2.10124e-01	1.42467e-12	1.31028e-02
2.20106e-01	1.58489e-12	1.31071e-02
2.30104e-01	1.78528e-12	1.31056e-02
2.40135e-01	2.00868e-12	1.31072e-02
2.50120e-01	2.27034e-12	1.31093e-02
2.60138e-01	2.53081e-12	1.31096e-02
2.70126e-01	2.85602e-12	1.31133e-02
2.80113e-01	3.24106e-12	1.31032e-02
2.90136e-01	3.66163e-12	1.30986e-02
3.00123e-01	4.16541e-12	1.31011e-02
3.10107e-01	4.73142e-12	1.31023e-02
3.20129e-01	4.22728e-12	1.31067e-02
3.30123e-01	5.86605e-12	1.31052e-02
3.40104e-01	6.96051e-12	1.31035e-02
3.50133e-01	8.01599e-12	1.31080e-02
3.60124e-01	9.18102e-12	1.31106e-02
3.70114e-01	1.05023e-11	1.31086e-02
3.80142e-01	1.20410e-11	1.31040e-02
3.90131e-01	1.37887e-11	1.31066e-02
4.00119e-01	1.57579e-11	1.31030e-02
4.10141e-01	1.80948e-11	1.31044e-02
4.20129e-01	2.07729e-11	1.31098e-02
4.30116e-01	2.38177e-11	1.31054e-02
4.40139e-01	2.73634e-11	1.31029e-02
4.50129e-01	3.13899e-11	1.30972e-02
4.60114e-01	3.60923e-11	1.30970e-02
4.70143e-01	4.14672e-11	1.30944e-02
4.80131e-01	4.76922e-11	1.30881e-02
4.90118e-01	5.48604e-11	1.30960e-02
5.00136e-01	6.31726e-11	1.30976e-02
5.10120e-01	7.27173e-11	1.31017e-02
5.20148e-01	8.37184e-11	1.31010e-02
5.30139e-01	9.64826e-11	1.31003e-02
5.40130e-01	1.11254e-10	1.31040e-02
5.50154e-01	1.28324e-10	1.30995e-02
5.60143e-01	1.47931e-10	1.30991e-02
5.70132e-01	1.70729e-10	1.30974e-02
5.80149e-01	1.97241e-10	1.31042e-02
5.90138e-01	2.27606e-10	1.31025e-02
6.00120e-01	2.62955e-10	1.31051e-02
6.10152e-01	3.03900e-10	1.31111e-02
6.20126e-01	3.51225e-10	1.31052e-02
6.30118e-01	4.05978e-10	1.31091e-02
6.40140e-01	4.69875e-10	1.31130e-02
6.50131e-01	5.43229e-10	1.31062e-02
6.60116e-01	6.28586e-10	1.31046e-02
6.70137e-01	7.27562e-10	1.31021e-02
6.80124e-01	8.42105e-10	1.30978e-02
6.90120e-01	9.74982e-10	1.30961e-02
7.00137e-01	1.13076e-09	1.31006e-02
7.10128e-01	1.31015e-09	1.31011e-02
7.20110e-01	1.51813e-09	1.31045e-02
7.30136e-01	1.76008e-09	1.31052e-02
7.40124e-01	2.04136e-09	1.31047e-02
7.50109e-01	2.36758e-09	1.31056e-02
7.60141e-01	2.74834e-09	1.31039e-02
7.70127e-01	3.18815e-09	1.31059e-02
7.80149e-01	3.70334e-09	1.31064e-02
7.90140e-01	4.29811e-09	1.31054e-02
8.00122e-01	4.98936e-09	1.31061e-02
8.10146e-01	5.79559e-09	1.31041e-02
8.20136e-01	6.73091e-09	1.31047e-02
8.30126e-01	7.81452e-09	1.31032e-02
8.40152e-01	9.08080e-09	1.31039e-02
8.50138e-01	1.05461e-08	1.31031e-02
8.60129e-01	1.22495e-08	1.31018e-02
8.70151e-01	1.42314e-08	1.31023e-02
8.80135e-01	1.65278e-08	1.31011e-02
8.90123e-01	1.91972e-08	1.30986e-02
9.00145e-01	2.22983e-08	1.30972e-02
9.10134e-01	2.58707e-08	1.30962e-02
9.20124e-01	3.00206e-08	1.30970e-02
9.30148e-01	3.48432e-08	1.30960e-02
9.40135e-01	4.03741e-08	1.30951e-02
9.50124e-01	4.67772e-08	1.30951e-02
9.60146e-01	5.42007e-08	1.30944e-02
9.70134e-01	6.26629e-08	1.30934e-02
9.80126e-01	7.24780e-08	1.30924e-02
9.90145e-01	8.37655e-08	1.30937e-02
1.00013e+00	9.66537e-08	1.30934e-02
1.01012e+00	1.11524e-07	1.31012e-02
1.02014e+00	1.28438e-07	1.31035e-02
1.03013e+00	1.47548e-07	1.31038e-02
1.04015e+00	1.69257e-07	1.31042e-02
1.05014e+00	1.93659e-07	1.31034e-02
1.06013e+00	2.21200e-07	1.31042e-02
1.07015e+00	2.52010e-07	1.31030e-02
1.08014e+00	2.86360e-07	1.31050e-02
1.09013e+00	3.24513e-07	1.31032e-02
1.10015e+00	3.66871e-07	1.31025e-02
1.11014e+00	4.13459e-07	1.31032e-02
1.12013e+00	4.64542e-07	1.31022e-02
1.13015e+00	5.20559e-07	1.31020e-02
1.14014e+00	5.81251e-07	1.31019e-02
1.15013e+00	6.46425e-07	1.31000e-02
1.16015e+00	7.17253e-07	1.31025e-02
1.17014e+00	7.92829e-07	1.31032e-02
1.18012e+00	8.73706e-07	1.31030e-02
1.19015e+00	9.59810e-07	1.31012e-02
1.20014e+00	1.05010e-06	1.31032e-02
1.21013e+00	1.14530e-06	1.31048e-02
1.22015e+00	1.24605e-06	1.31049e-02
1.23014e+00	1.35084e-06	1.31029e-02
1.24012e+00	1.46007e-06	1.31035e-02
1.25015e+00	1.57368e-06	1.31029e-02
1.26014e+00	1.69112e-06	1.31038e-02
1.27013e+00	1.81263e-06	1.31040e-02
1.28015e+00	1.93779e-06	1.31032e-02
1.29013e+00	2.06652e-06	1.31027e-02
1.30016e+00	2.19763e-06	1.31033e-02
1.31014e+00	2.33225e-06	1.31033e-02
1.32013e+00	2.46973e-06	1.31024e-02
1.33015e+00	2.60966e-06	1.31024e-02
1.34014e+00	2.75222e-06	1.31014e-02
1.35013e+00	2.89702e-06	1.31017e-02
1.36015e+00	3.04374e-06	1.30998e-02
1.37014e+00	3.19287e-06	1.31006e-02
1.38013e+00	3.34218e-06	1.30998e-02
1.39015e+00	3.49483e-06	1.30966e-02
1.40013e+00	3.64855e-06	1.30970e-02
1.41012e+00	3.80333e-06	1.30981e-02
1.42014e+00	3.95967e-06	1.30966e-02
1.43013e+00	4.11701e-06	1.30955e-02
1.44012e+00	4.27558e-06	1.30961e-02
1.45014e+00	4.43538e-06	1.30971e-02
1.46012e+00	4.59555e-06	1.30973e-02
1.47011e+00	4.75593e-06	1.30960e-02
1.48014e+00	4.91798e-06	1.30990e-02
1.49012e+00	5.08033e-06	1.30976e-02
1.50011e+00	5.24169e-06	1.30955e-02
1.51014e+00	5.40380e-06	1.30944e-02
1.52012e+00	5.56778e-06	1.30942e-02
1.53015e+00	5.73058e-06	1.30928e-02
1.54013e+00	5.89497e-06	1.30904e-02
1.55012e+00	6.05970e-06	1.30927e-02
1.56014e+00	6.22623e-06	1.30945e-02
1.57013e+00	6.38866e-06	1.30958e-02
1.58012e+00	6.55394e-06	1.30935e-02
1.59014e+00	6.71959e-06	1.30948e-02
1.60012e+00	6.88477e-06	1.30938e-02
1.61011e+00	7.04860e-06	1.30935e-02
1.62013e+00	7.21388e-06	1.30933e-02
1.63012e+00	7.37882e-06	1.30935e-02
1.64010e+00	7.54307e-06	1.30941e-02
1.65013e+00	7.70791e-06	1.30931e-02
1.66012e+00	7.87225e-06	1.30927e-02
1.67011e+00	8.03615e-06	1.30927e-02
1.68013e+00	8.20143e-06	1.30931e-02
1.69011e+00	8.36302e-06	1.30916e-02
1.70010e+00	8.52620e-06	1.30919e-02
1.71012e+00	8.68957e-06	1.30899e-02
1.72011e+00	8.85150e-06	1.30904e-02
1.73010e+00	9.01500e-06	1.30907e-02
1.74012e+00	9.18098e-06	1.30908e-02
1.75011e+00	9.34242e-06	1.30924e-02
1.76009e+00	9.50223e-06	1.30902e-02
1.77011e+00	9.66510e-06	1.30929e-02
1.78009e+00	9.83025e-06	1.30935e-02
1.79012e+00	9.99077e-06	1.30939e-02
1.80010e+00	1.01502e-05	1.30998e-02
1.81009e+00	1.03113e-05	1.31016e-02
1.82011e+00	1.04741e-05	1.31021e-02
1.83010e+00	1.06352e-05	1.31023e-02
1.84008e+00	1.07943e-05	1.31011e-02
1.85010e+00	1.09515e-05	1.31024e-02
1.86009e+00	1.11112e-05	1.31022e-02
1.87007e+00	1.12693e-05	1.31019e-02
1.88009e+00	1.14282e-05	1.31030e-02
1.89008e+00	1.15873e-05	1.31021e-02
1.90007e+00	1.17439e-05	1.31021e-02
1.91009e+00	1.19014e-05	1.31030e-02
1.92007e+00	1.20588e-05	1.31031e-02
1.93005e+00	1.22152e-05	1.31027e-02
1.94008e+00	1.23693e-05	1.31025e-02
1.95007e+00	1.25234e-05	1.31012e-02
1.96005e+00	1.26774e-05	1.30993e-02
1.97007e+00	1.28338e-05	1.31011e-02
1.98005e+00	1.29866e-05	1.31002e-02
1.99004e+00	1.31399e-05	1.31006e-02
