VBG	ID
-9.02891e-05	9.78708e-14
9.93032e-03	1.23858e-13
1.99339e-02	1.46151e-13
2.99343e-02	1.70588e-13
3.99418e-02	1.97291e-13
4.99383e-02	2.15530e-13
5.99452e-02	2.29835e-13
6.99435e-02	2.52247e-13
7.99427e-02	2.45690e-13
8.99457e-02	2.70843e-13
9.99435e-02	2.94924e-13
1.09941e-01	3.43800e-13
1.19942e-01	3.89218e-13
1.29941e-01	4.68373e-13
1.39944e-01	5.68032e-13
1.49938e-01	7.07984e-13
1.59942e-01	8.91805e-13
1.69942e-01	1.16634e-12
1.79946e-01	1.54197e-12
1.89944e-01	2.09308e-12
1.99942e-01	2.82860e-12
2.09979e-01	3.89194e-12
2.19975e-01	5.31781e-12
2.29969e-01	7.21276e-12
2.39963e-01	9.69148e-12
2.49959e-01	1.28338e-11
2.59998e-01	1.66507e-11
2.69985e-01	2.10439e-11
2.79980e-01	2.59172e-11
2.89969e-01	3.10422e-11
2.99963e-01	3.61496e-11
3.09997e-01	4.10881e-11
3.19993e-01	4.54375e-11
3.29985e-01	4.87396e-11
3.39975e-01	5.19806e-11
3.49967e-01	5.49120e-11
3.59997e-01	5.70291e-11
3.69987e-01	5.85062e-11
3.79981e-01	5.99368e-11
3.89978e-01	6.08634e-11
3.99976e-01	6.15220e-11
4.10005e-01	6.86296e-11
4.19999e-01	6.70550e-11
4.29994e-01	6.60107e-11
4.39989e-01	6.53682e-11
4.49982e-01	6.50343e-11
4.60011e-01	6.49422e-11
4.70007e-01	6.49167e-11
4.79996e-01	6.50260e-11
4.89991e-01	6.51900e-11
4.99990e-01	6.46254e-11
5.10012e-01	6.50649e-11
5.20012e-01	6.52874e-11
5.30008e-01	6.55324e-11
5.40009e-01	6.57750e-11
5.49997e-01	6.60876e-11
5.60026e-01	6.63370e-11
5.70016e-01	6.64897e-11
5.80017e-01	6.66434e-11
5.90002e-01	6.68448e-11
5.99999e-01	6.69932e-11
6.10022e-01	6.71873e-11
6.20017e-01	6.73062e-11
6.30015e-01	6.74374e-11
6.40006e-01	6.75437e-11
6.49998e-01	6.77698e-11
6.60028e-01	6.80559e-11
6.70023e-01	6.75659e-11
6.80016e-01	6.79671e-11
6.90015e-01	6.82899e-11
7.00009e-01	6.84789e-11
7.10042e-01	6.87659e-11
7.20038e-01	6.89588e-11
7.30031e-01	6.90422e-11
7.40025e-01	6.92049e-11
7.50015e-01	6.93343e-11
7.60041e-01	6.96920e-11
7.70035e-01	6.99676e-11
7.80029e-01	7.01205e-11
7.90021e-01	7.02662e-11
8.00015e-01	7.04559e-11
8.10041e-01	7.07095e-11
8.20040e-01	7.08784e-11
8.30030e-01	7.10210e-11
8.40024e-01	7.05793e-11
8.50021e-01	7.10016e-11
8.60057e-01	7.13514e-11
8.70040e-01	7.16171e-11
8.80031e-01	7.17976e-11
8.90019e-01	7.20079e-11
9.00013e-01	7.22820e-11
9.10045e-01	7.26870e-11
9.20039e-01	7.29731e-11
9.30035e-01	7.32777e-11
9.40033e-01	7.37058e-11
9.50016e-01	7.41353e-11
9.60046e-01	7.49277e-11
9.70033e-01	7.56857e-11
9.80029e-01	7.65266e-11
9.90031e-01	7.76184e-11
1.00002e+00	7.90288e-11
1.01005e+00	8.01936e-11
1.02005e+00	8.25772e-11
1.03004e+00	8.53900e-11
1.04003e+00	8.88723e-11
1.05003e+00	9.32941e-11
1.06005e+00	9.90118e-11
1.07004e+00	1.06115e-10
1.08004e+00	1.15187e-10
1.09003e+00	1.26703e-10
1.10002e+00	1.41236e-10
1.11005e+00	1.60059e-10
1.12004e+00	1.84066e-10
1.13004e+00	2.19379e-10
1.14004e+00	2.67244e-10
1.15004e+00	3.11666e-10
1.16005e+00	3.74292e-10
1.17004e+00	4.56820e-10
1.18003e+00	5.63968e-10
1.19003e+00	7.03885e-10
1.20002e+00	8.84483e-10
1.21005e+00	1.11256e-09
1.22004e+00	1.43533e-09
1.23004e+00	1.85000e-09
1.24003e+00	2.38304e-09
1.25003e+00	3.06494e-09
1.26005e+00	3.94454e-09
1.27005e+00	5.06780e-09
1.28004e+00	6.51772e-09
1.29003e+00	8.38516e-09
1.30003e+00	1.07644e-08
1.31006e+00	1.39358e-08
1.32005e+00	1.80266e-08
1.33004e+00	2.33149e-08
1.34004e+00	3.01360e-08
1.35003e+00	3.89273e-08
1.36006e+00	5.02883e-08
1.37005e+00	6.48738e-08
1.38004e+00	8.36025e-08
1.39003e+00	1.07352e-07
1.40003e+00	1.38032e-07
1.41006e+00	1.77097e-07
1.42005e+00	2.26278e-07
1.43005e+00	2.88082e-07
1.44004e+00	3.65094e-07
1.45003e+00	4.60458e-07
1.46006e+00	5.78086e-07
1.47005e+00	7.20599e-07
1.48004e+00	8.92750e-07
1.49004e+00	1.09798e-06
1.50003e+00	1.34097e-06
1.51005e+00	1.62670e-06
1.52005e+00	1.95736e-06
1.53004e+00	2.33768e-06
1.54003e+00	2.77076e-06
1.55002e+00	3.26107e-06
1.56006e+00	3.81313e-06
1.57004e+00	4.42524e-06
1.58003e+00	5.10243e-06
1.59003e+00	5.84726e-06
1.60002e+00	6.66091e-06
1.61005e+00	7.54871e-06
1.62004e+00	8.50523e-06
1.63004e+00	9.53579e-06
1.64003e+00	1.06444e-05
1.65002e+00	1.18245e-05
1.66004e+00	1.30870e-05
1.67004e+00	1.44209e-05
1.68003e+00	1.58314e-05
1.69002e+00	1.73218e-05
1.70001e+00	1.88884e-05
1.71001e+00	2.05348e-05
1.72004e+00	2.22688e-05
1.73003e+00	2.40727e-05
1.74002e+00	2.59566e-05
1.75001e+00	2.79185e-05
1.75999e+00	2.99622e-05
1.77002e+00	3.20900e-05
1.78002e+00	3.42911e-05
1.79000e+00	3.65731e-05
1.79999e+00	3.89312e-05
1.80998e+00	4.13678e-05
1.82002e+00	4.38966e-05
1.83001e+00	4.64929e-05
1.84000e+00	4.91672e-05
1.84999e+00	5.19213e-05
1.85998e+00	5.47541e-05
1.87001e+00	5.76744e-05
1.88000e+00	6.06620e-05
1.89000e+00	6.37318e-05
1.89999e+00	6.68738e-05
1.90997e+00	7.00926e-05
1.92000e+00	7.33997e-05
1.93000e+00	7.67756e-05
1.93998e+00	8.02260e-05
1.94997e+00	8.37555e-05
1.95997e+00	8.73617e-05
1.96999e+00	9.10562e-05
1.97998e+00	9.48125e-05
1.98997e+00	9.86477e-05
1.99996e+00	1.02555e-04
2.00987e+00	1.06563e-04
2.01978e+00	1.10597e-04
2.02970e+00	1.14707e-04
2.03964e+00	1.18893e-04
2.04960e+00	1.23160e-04
2.05986e+00	1.27629e-04
2.06979e+00	1.32042e-04
2.07973e+00	1.36522e-04
2.08968e+00	1.41069e-04
2.09961e+00	1.45703e-04
2.10983e+00	1.50546e-04
2.11980e+00	1.55313e-04
2.12974e+00	1.60149e-04
2.13965e+00	1.65075e-04
2.14963e+00	1.70086e-04
2.15992e+00	1.75302e-04
2.16983e+00	1.80428e-04
2.17979e+00	1.85627e-04
2.18971e+00	1.90891e-04
2.19960e+00	1.96234e-04
2.20987e+00	2.01816e-04
2.21983e+00	2.07297e-04
2.22975e+00	2.12850e-04
2.23964e+00	2.18468e-04
2.24962e+00	2.24159e-04
2.25988e+00	2.30114e-04
2.26981e+00	2.35947e-04
2.27973e+00	2.41840e-04
2.28966e+00	2.47810e-04
2.29964e+00	2.53853e-04
2.30990e+00	2.60177e-04
2.31985e+00	2.66355e-04
2.32980e+00	2.72603e-04
2.33974e+00	2.78912e-04
2.34967e+00	2.85274e-04
2.35993e+00	2.91929e-04
2.36986e+00	2.98440e-04
2.37978e+00	3.05017e-04
2.38975e+00	3.11675e-04
2.39967e+00	3.18380e-04
2.40994e+00	3.25382e-04
2.41988e+00	3.32237e-04
2.42982e+00	3.39138e-04
2.43974e+00	3.46106e-04
2.44969e+00	3.53155e-04
2.45995e+00	3.60487e-04
2.46988e+00	3.67666e-04
2.47980e+00	3.74918e-04
2.48975e+00	3.82202e-04
2.49968e+00	3.89568e-04
2.50995e+00	3.97238e-04
2.51987e+00	4.04736e-04
2.52981e+00	4.12282e-04
2.53974e+00	4.19901e-04
2.54966e+00	4.27595e-04
2.55993e+00	4.35612e-04
2.56990e+00	4.43413e-04
2.57982e+00	4.51301e-04
2.58977e+00	4.59234e-04
2.59972e+00	4.67238e-04
2.60996e+00	4.75564e-04
2.61985e+00	4.83695e-04
2.62981e+00	4.91881e-04
2.63979e+00	5.00150e-04
2.64972e+00	5.08484e-04
2.65996e+00	5.17133e-04
2.66991e+00	5.25575e-04
2.67987e+00	5.34073e-04
2.68979e+00	5.42609e-04
2.69971e+00	5.51237e-04
2.70998e+00	5.60206e-04
2.71992e+00	5.68967e-04
2.72989e+00	5.77772e-04
2.73980e+00	5.86634e-04
2.74974e+00	5.95552e-04
2.75998e+00	6.04830e-04
2.76992e+00	6.13870e-04
2.77987e+00	6.22978e-04
2.78979e+00	6.32134e-04
2.79975e+00	6.41380e-04
2.81000e+00	6.50962e-04
2.81995e+00	6.60314e-04
2.82985e+00	6.69699e-04
2.83980e+00	6.79181e-04
2.84973e+00	6.88699e-04
2.85999e+00	6.98584e-04
2.86991e+00	7.08206e-04
2.87984e+00	7.17907e-04
2.88981e+00	7.27683e-04
2.89974e+00	7.37496e-04
2.90999e+00	7.47679e-04
2.91989e+00	7.57594e-04
2.92987e+00	7.67584e-04
2.93981e+00	7.77643e-04
2.94976e+00	7.87756e-04
2.96000e+00	7.98235e-04
2.96997e+00	8.08512e-04
2.97993e+00	8.18783e-04
2.98987e+00	8.29120e-04
2.99982e+00	8.39511e-04
3.01007e+00	8.50287e-04
3.02004e+00	8.60782e-04
3.02996e+00	8.71336e-04
3.03985e+00	8.81928e-04
3.04981e+00	8.92597e-04
3.06008e+00	9.03670e-04
3.07004e+00	9.14458e-04
3.07994e+00	9.25313e-04
3.08986e+00	9.36174e-04
3.09982e+00	9.47137e-04
3.11007e+00	9.58513e-04
3.12001e+00	9.69567e-04
3.12995e+00	9.80679e-04
3.13988e+00	9.91845e-04
3.14982e+00	1.00209e-03
3.16005e+00	1.01379e-03
3.16999e+00	1.02512e-03
3.17992e+00	1.03647e-03
3.18985e+00	1.04788e-03
3.19980e+00	1.05942e-03
3.21005e+00	1.07134e-03
3.22000e+00	1.08293e-03
3.22991e+00	1.09452e-03
3.23987e+00	1.10626e-03
3.24979e+00	1.11796e-03
3.26004e+00	1.13017e-03
3.26999e+00	1.14209e-03
3.27991e+00	1.15397e-03
3.28987e+00	1.16594e-03
3.29981e+00	1.17800e-03
3.31010e+00	1.19052e-03
3.32004e+00	1.20268e-03
3.32998e+00	1.21481e-03
3.33990e+00	1.22703e-03
3.34981e+00	1.23935e-03
3.35979e+00	1.25168e-03
3.37005e+00	1.26449e-03
3.37998e+00	1.27696e-03
3.38992e+00	1.28946e-03
3.39986e+00	1.30197e-03
3.40981e+00	1.31457e-03
3.42005e+00	1.32757e-03
3.42998e+00	1.34028e-03
3.43993e+00	1.35304e-03
3.44988e+00	1.36587e-03
3.45984e+00	1.37874e-03
3.47013e+00	1.39209e-03
3.48006e+00	1.40503e-03
3.49001e+00	1.41802e-03
3.49994e+00	1.43111e-03
3.50984e+00	1.44422e-03
3.52009e+00	1.45784e-03
3.53005e+00	1.47102e-03
3.54001e+00	1.48432e-03
3.54992e+00	1.49761e-03
3.55987e+00	1.51096e-03
3.57013e+00	1.52478e-03
3.58006e+00	1.53821e-03
3.58998e+00	1.55172e-03
3.59991e+00	1.56530e-03
3.60985e+00	1.57883e-03
3.62017e+00	1.59297e-03
3.63008e+00	1.60666e-03
3.64003e+00	1.62042e-03
3.64995e+00	1.63418e-03
3.65992e+00	1.64808e-03
3.67014e+00	1.66239e-03
3.68007e+00	1.67634e-03
3.69002e+00	1.69033e-03
3.69997e+00	1.70437e-03
3.70989e+00	1.71846e-03
3.72017e+00	1.73306e-03
3.73007e+00	1.74723e-03
3.74003e+00	1.76147e-03
3.74996e+00	1.77572e-03
3.75992e+00	1.79008e-03
3.77014e+00	1.80490e-03
3.78012e+00	1.81935e-03
3.79004e+00	1.83376e-03
3.79996e+00	1.84825e-03
3.80989e+00	1.86278e-03
3.82016e+00	1.87787e-03
3.83008e+00	1.89254e-03
3.83999e+00	1.90728e-03
3.84996e+00	1.92204e-03
3.85989e+00	1.93676e-03
3.87018e+00	1.95211e-03
3.88010e+00	1.96697e-03
3.89003e+00	1.98194e-03
3.89995e+00	1.99693e-03
3.90990e+00	2.01191e-03
3.92016e+00	2.02744e-03
3.93007e+00	2.04257e-03
3.93999e+00	2.05768e-03
3.94998e+00	2.07292e-03
3.95991e+00	2.08817e-03
3.97017e+00	2.10398e-03
3.98010e+00	2.11935e-03
3.99005e+00	2.13465e-03
3.99996e+00	2.15010e-03
4.00988e+00	2.16554e-03
4.02013e+00	2.18156e-03
4.03009e+00	2.19722e-03
4.04002e+00	2.21283e-03
4.04996e+00	2.22845e-03
4.05988e+00	2.24416e-03
4.07013e+00	2.26041e-03
4.08013e+00	2.27618e-03
4.09004e+00	2.29207e-03
4.09997e+00	2.30795e-03
4.10987e+00	2.32385e-03
4.12021e+00	2.34037e-03
4.13012e+00	2.35640e-03
4.14004e+00	2.37236e-03
4.14997e+00	2.38837e-03
4.15992e+00	2.40456e-03
4.17016e+00	2.42126e-03
4.18009e+00	2.43752e-03
4.19003e+00	2.45380e-03
4.19996e+00	2.47010e-03
4.20992e+00	2.48646e-03
4.22014e+00	2.50334e-03
4.23010e+00	2.51980e-03
4.24005e+00	2.53630e-03
4.24998e+00	2.55282e-03
4.25989e+00	2.56942e-03
4.27016e+00	2.58653e-03
4.28011e+00	2.60323e-03
4.29007e+00	2.61994e-03
4.30001e+00	2.63676e-03
4.30995e+00	2.65353e-03
4.32021e+00	2.67092e-03
4.33014e+00	2.68775e-03
4.34008e+00	2.70464e-03
4.35002e+00	2.72163e-03
4.35993e+00	2.73865e-03
4.37022e+00	2.75618e-03
4.38012e+00	2.77327e-03
4.39004e+00	2.79038e-03
4.39999e+00	2.80752e-03
4.40993e+00	2.82471e-03
4.42020e+00	2.84256e-03
4.43010e+00	2.85984e-03
4.44005e+00	2.87716e-03
4.44996e+00	2.89454e-03
4.45992e+00	2.91195e-03
4.47018e+00	2.92990e-03
4.48010e+00	2.94743e-03
4.49003e+00	2.96501e-03
4.49999e+00	2.98262e-03
4.50990e+00	3.00016e-03
4.52015e+00	3.01835e-03
4.53010e+00	3.03610e-03
4.54004e+00	3.05382e-03
4.54997e+00	3.07157e-03
4.55988e+00	3.08941e-03
4.57015e+00	3.10781e-03
4.58006e+00	3.12566e-03
4.59002e+00	3.14356e-03
4.59994e+00	3.16153e-03
4.60989e+00	3.17957e-03
4.62015e+00	3.19822e-03
4.63011e+00	3.21633e-03
4.64005e+00	3.23447e-03
4.64997e+00	3.25269e-03
4.65992e+00	3.27087e-03
4.67020e+00	3.28966e-03
4.68011e+00	3.30788e-03
4.69003e+00	3.32623e-03
4.69995e+00	3.34461e-03
4.70991e+00	3.36301e-03
4.72017e+00	3.38206e-03
4.73010e+00	3.40055e-03
4.74002e+00	3.41907e-03
4.74996e+00	3.43758e-03
4.75992e+00	3.45623e-03
4.77022e+00	3.47557e-03
4.78017e+00	3.49415e-03
4.79005e+00	3.51287e-03
4.80001e+00	3.53158e-03
4.80993e+00	3.55042e-03
4.82018e+00	3.56981e-03
4.83014e+00	3.58864e-03
4.84007e+00	3.60760e-03
4.85001e+00	3.62659e-03
4.85993e+00	3.64556e-03
4.87020e+00	3.66517e-03
4.88015e+00	3.68423e-03
4.89008e+00	3.70329e-03
4.90002e+00	3.72245e-03
4.90996e+00	3.74162e-03
4.92024e+00	3.76140e-03
4.93017e+00	3.78060e-03
4.94009e+00	3.79997e-03
4.95002e+00	3.81926e-03
4.95998e+00	3.83866e-03
4.97025e+00	3.85862e-03
4.98018e+00	3.87808e-03
4.99014e+00	3.89755e-03
5.00004e+00	3.91698e-03
