VGB	ID	VDS
1.54734e-05	5.61714e-13	1.05741e-02
1.00120e-02	5.58257e-13	1.05694e-02
2.00120e-02	5.55277e-13	1.05692e-02
3.00192e-02	5.51224e-13	1.05721e-02
4.00193e-02	5.72085e-13	1.05740e-02
5.00179e-02	5.79953e-13	1.05703e-02
6.00227e-02	5.78523e-13	1.05762e-02
7.00215e-02	5.99742e-13	1.05716e-02
8.00225e-02	6.04510e-13	1.05701e-02
9.00261e-02	6.09159e-13	1.05679e-02
1.00025e-01	6.38127e-13	1.05661e-02
1.10021e-01	6.68049e-13	1.05666e-02
1.20021e-01	6.91414e-13	1.05661e-02
1.30018e-01	7.22051e-13	1.05648e-02
1.40014e-01	7.38502e-13	1.05635e-02
1.50019e-01	7.77245e-13	1.05620e-02
1.60016e-01	7.97510e-13	1.05648e-02
1.70020e-01	8.47101e-13	1.05647e-02
1.80020e-01	8.72135e-13	1.05620e-02
1.90015e-01	9.47475e-13	1.05629e-02
2.00018e-01	1.03605e-12	1.05624e-02
2.10024e-01	1.10114e-12	1.05598e-02
2.20014e-01	1.17683e-12	1.05603e-02
2.29999e-01	1.27184e-12	1.05576e-02
2.40023e-01	1.38819e-12	1.05546e-02
2.50009e-01	1.51753e-12	1.05525e-02
2.60034e-01	1.65856e-12	1.05541e-02
2.70024e-01	1.83058e-12	1.05519e-02
2.80011e-01	2.02167e-12	1.05542e-02
2.90035e-01	2.26879e-12	1.05503e-02
3.00022e-01	2.50602e-12	1.05554e-02
3.10012e-01	2.82824e-12	1.05513e-02
3.20033e-01	3.19445e-12	1.05522e-02
3.30022e-01	3.59607e-12	1.05555e-02
3.40014e-01	4.05049e-12	1.05535e-02
3.50034e-01	4.60351e-12	1.05526e-02
3.60024e-01	5.23245e-12	1.05495e-02
3.70015e-01	5.94532e-12	1.05481e-02
3.80039e-01	6.78468e-12	1.05464e-02
3.90031e-01	7.79057e-12	1.05511e-02
4.00026e-01	8.89468e-12	1.05554e-02
4.10051e-01	1.01979e-11	1.05534e-02
4.20037e-01	1.17183e-11	1.05540e-02
4.30023e-01	1.34372e-11	1.05532e-02
4.40046e-01	1.54669e-11	1.05534e-02
4.50035e-01	1.77743e-11	1.05543e-02
4.60024e-01	2.04419e-11	1.05518e-02
4.70054e-01	2.35350e-11	1.05482e-02
4.80035e-01	2.70839e-11	1.05383e-02
4.90027e-01	3.12028e-11	1.05391e-02
5.00051e-01	3.59712e-11	1.05407e-02
5.10032e-01	4.15125e-11	1.05433e-02
5.20051e-01	4.78816e-11	1.05414e-02
5.30043e-01	5.52858e-11	1.05459e-02
5.40029e-01	6.38093e-11	1.05468e-02
5.50052e-01	7.38370e-11	1.05449e-02
5.60042e-01	8.53393e-11	1.05401e-02
5.70032e-01	9.86446e-11	1.05408e-02
5.80052e-01	1.14157e-10	1.05414e-02
5.90046e-01	1.31987e-10	1.05385e-02
6.00028e-01	1.52896e-10	1.05390e-02
6.10056e-01	1.77322e-10	1.05415e-02
6.20044e-01	2.04853e-10	1.05360e-02
6.30030e-01	2.37522e-10	1.05351e-02
6.40044e-01	2.75533e-10	1.05345e-02
6.50031e-01	3.18967e-10	1.05335e-02
6.60022e-01	3.70222e-10	1.05293e-02
6.70042e-01	4.29095e-10	1.05289e-02
6.80030e-01	4.98162e-10	1.05244e-02
6.90022e-01	5.78483e-10	1.05308e-02
7.00046e-01	6.72523e-10	1.05291e-02
7.10039e-01	7.81028e-10	1.05320e-02
7.20020e-01	9.08062e-10	1.05283e-02
7.30044e-01	1.05658e-09	1.05297e-02
7.40034e-01	1.22862e-09	1.05305e-02
7.50021e-01	1.42748e-09	1.05294e-02
7.60048e-01	1.66187e-09	1.05320e-02
7.70037e-01	1.93266e-09	1.05316e-02
7.80058e-01	2.24884e-09	1.05326e-02
7.90048e-01	2.61934e-09	1.05305e-02
8.00036e-01	3.04616e-09	1.05302e-02
8.10058e-01	3.54861e-09	1.05305e-02
8.20043e-01	4.13224e-09	1.05290e-02
8.30035e-01	4.81093e-09	1.05294e-02
8.40057e-01	5.60380e-09	1.05315e-02
8.50044e-01	6.53052e-09	1.05292e-02
8.60036e-01	7.60206e-09	1.05298e-02
8.70058e-01	8.86146e-09	1.05264e-02
8.80042e-01	1.03214e-08	1.05262e-02
8.90033e-01	1.20181e-08	1.05275e-02
9.00053e-01	1.39945e-08	1.05267e-02
9.10045e-01	1.63085e-08	1.05264e-02
9.20034e-01	1.89643e-08	1.05262e-02
9.30057e-01	2.20884e-08	1.05257e-02
9.40045e-01	2.56794e-08	1.05231e-02
9.50033e-01	2.98650e-08	1.05244e-02
9.60058e-01	3.47280e-08	1.05239e-02
9.70049e-01	4.03349e-08	1.05256e-02
9.80038e-01	4.68322e-08	1.05249e-02
9.90062e-01	5.42817e-08	1.05228e-02
1.00005e+00	6.28863e-08	1.05243e-02
1.01003e+00	7.27952e-08	1.05243e-02
1.02006e+00	8.41546e-08	1.05225e-02
1.03004e+00	9.70488e-08	1.05209e-02
1.04007e+00	1.11995e-07	1.05264e-02
1.05005e+00	1.28794e-07	1.05284e-02
1.06004e+00	1.47873e-07	1.05272e-02
1.07007e+00	1.69390e-07	1.05284e-02
1.08006e+00	1.93659e-07	1.05265e-02
1.09005e+00	2.20527e-07	1.05269e-02
1.10007e+00	2.50785e-07	1.05266e-02
1.11006e+00	2.84350e-07	1.05260e-02
1.12005e+00	3.21181e-07	1.05262e-02
1.13007e+00	3.62037e-07	1.05265e-02
1.14006e+00	4.06471e-07	1.05244e-02
1.15005e+00	4.54930e-07	1.05249e-02
1.16007e+00	5.07644e-07	1.05238e-02
1.17006e+00	5.64475e-07	1.05219e-02
1.18004e+00	6.25145e-07	1.05220e-02
1.19006e+00	6.90521e-07	1.05227e-02
1.20006e+00	7.60027e-07	1.05219e-02
1.21004e+00	8.33031e-07	1.05230e-02
1.22007e+00	9.10464e-07	1.05213e-02
1.23005e+00	9.91603e-07	1.05212e-02
1.24004e+00	1.07676e-06	1.05223e-02
1.25006e+00	1.16545e-06	1.05206e-02
1.26005e+00	1.25766e-06	1.05207e-02
1.27004e+00	1.35312e-06	1.05212e-02
1.28007e+00	1.45271e-06	1.05209e-02
1.29005e+00	1.55419e-06	1.05217e-02
1.30008e+00	1.65940e-06	1.05203e-02
1.31006e+00	1.76617e-06	1.05210e-02
1.32005e+00	1.87597e-06	1.05213e-02
1.33007e+00	1.98864e-06	1.05186e-02
1.34006e+00	2.10222e-06	1.05194e-02
1.35005e+00	2.21832e-06	1.05185e-02
1.36008e+00	2.33728e-06	1.05172e-02
1.37007e+00	2.45694e-06	1.05185e-02
1.38005e+00	2.57834e-06	1.05177e-02
1.39007e+00	2.70251e-06	1.05183e-02
1.40006e+00	2.82627e-06	1.05172e-02
1.41005e+00	2.95115e-06	1.05159e-02
1.42007e+00	3.07862e-06	1.05171e-02
1.43006e+00	3.20653e-06	1.05164e-02
1.44003e+00	3.33431e-06	1.05177e-02
1.45006e+00	3.46461e-06	1.05190e-02
1.46004e+00	3.59549e-06	1.05187e-02
1.47003e+00	3.72617e-06	1.05190e-02
1.48005e+00	3.85835e-06	1.05191e-02
1.49004e+00	3.99024e-06	1.05196e-02
1.50003e+00	4.12326e-06	1.05177e-02
1.51005e+00	4.25611e-06	1.05190e-02
1.52004e+00	4.39070e-06	1.05183e-02
1.53006e+00	4.52504e-06	1.05212e-02
1.54005e+00	4.65855e-06	1.05204e-02
1.55004e+00	4.79155e-06	1.05177e-02
1.56006e+00	4.92697e-06	1.05172e-02
1.57005e+00	5.06225e-06	1.05157e-02
1.58004e+00	5.19628e-06	1.05174e-02
1.59006e+00	5.33124e-06	1.05148e-02
1.60004e+00	5.46534e-06	1.05154e-02
1.61003e+00	5.59952e-06	1.05154e-02
1.62005e+00	5.73419e-06	1.05135e-02
1.63004e+00	5.86930e-06	1.05132e-02
1.64003e+00	6.00229e-06	1.05111e-02
1.65005e+00	6.13770e-06	1.05101e-02
1.66004e+00	6.27319e-06	1.05108e-02
1.67003e+00	6.40762e-06	1.05114e-02
1.68005e+00	6.54205e-06	1.05116e-02
1.69004e+00	6.67554e-06	1.05130e-02
1.70003e+00	6.80998e-06	1.05107e-02
1.71005e+00	6.94313e-06	1.05094e-02
1.72003e+00	7.07698e-06	1.05101e-02
1.73002e+00	7.21126e-06	1.05117e-02
1.74004e+00	7.34533e-06	1.05122e-02
1.75003e+00	7.47839e-06	1.05128e-02
1.76001e+00	7.61115e-06	1.05116e-02
1.77004e+00	7.74441e-06	1.05117e-02
1.78002e+00	7.87637e-06	1.05118e-02
1.79005e+00	8.00712e-06	1.05119e-02
1.80003e+00	8.13916e-06	1.05106e-02
1.81002e+00	8.26938e-06	1.05095e-02
1.82004e+00	8.40029e-06	1.05107e-02
1.83003e+00	8.53192e-06	1.05114e-02
1.84001e+00	8.66317e-06	1.05103e-02
1.85003e+00	8.79243e-06	1.05097e-02
1.86001e+00	8.92213e-06	1.05093e-02
1.87001e+00	9.05294e-06	1.05102e-02
1.88003e+00	9.18159e-06	1.05102e-02
1.89001e+00	9.31129e-06	1.05110e-02
1.90000e+00	9.43937e-06	1.05106e-02
1.91002e+00	9.56871e-06	1.05102e-02
1.92000e+00	9.69704e-06	1.05108e-02
1.92999e+00	9.82248e-06	1.05114e-02
1.94001e+00	9.95203e-06	1.05094e-02
1.95000e+00	1.00783e-05	1.05181e-02
1.95999e+00	1.02084e-05	1.05171e-02
1.97001e+00	1.03369e-05	1.05179e-02
1.97999e+00	1.04621e-05	1.05177e-02
1.98998e+00	1.05876e-05	1.05159e-02
2.00000e+00	1.07099e-05	1.05146e-02
2.01017e+00	1.08344e-05	1.05150e-02
2.02045e+00	1.09609e-05	1.05145e-02
2.03037e+00	1.10842e-05	1.05150e-02
2.04028e+00	1.12100e-05	1.05150e-02
2.05026e+00	1.13332e-05	1.05128e-02
2.06019e+00	1.14533e-05	1.05132e-02
2.07046e+00	1.15820e-05	1.05122e-02
2.08039e+00	1.17019e-05	1.05134e-02
2.09032e+00	1.18248e-05	1.05134e-02
2.10022e+00	1.19462e-05	1.05123e-02
2.11018e+00	1.20648e-05	1.05127e-02
2.12043e+00	1.21875e-05	1.05128e-02
2.13039e+00	1.23118e-05	1.05129e-02
2.14031e+00	1.24298e-05	1.05109e-02
2.15026e+00	1.25484e-05	1.05125e-02
2.16019e+00	1.26683e-05	1.05120e-02
2.17043e+00	1.27898e-05	1.05138e-02
2.18039e+00	1.29134e-05	1.05141e-02
2.19032e+00	1.30297e-05	1.05141e-02
2.20027e+00	1.31455e-05	1.05132e-02
2.21020e+00	1.32635e-05	1.05155e-02
2.22048e+00	1.33815e-05	1.05122e-02
2.23041e+00	1.34989e-05	1.05116e-02
2.24034e+00	1.36119e-05	1.05111e-02
2.25030e+00	1.37274e-05	1.05104e-02
2.26022e+00	1.38470e-05	1.05105e-02
2.27048e+00	1.39642e-05	1.05106e-02
2.28043e+00	1.40793e-05	1.05102e-02
2.29040e+00	1.41955e-05	1.05106e-02
2.30035e+00	1.43111e-05	1.05098e-02
2.31026e+00	1.44246e-05	1.05100e-02
2.32054e+00	1.45418e-05	1.05102e-02
2.33047e+00	1.46570e-05	1.05111e-02
2.34041e+00	1.47702e-05	1.05124e-02
2.35034e+00	1.48835e-05	1.05108e-02
2.36030e+00	1.49967e-05	1.05112e-02
2.37056e+00	1.51117e-05	1.05094e-02
2.38050e+00	1.52261e-05	1.05102e-02
2.39042e+00	1.53362e-05	1.05095e-02
2.40036e+00	1.54458e-05	1.05100e-02
2.41031e+00	1.55577e-05	1.05114e-02
2.42057e+00	1.56695e-05	1.05121e-02
2.43049e+00	1.57817e-05	1.05120e-02
2.44041e+00	1.58940e-05	1.05144e-02
2.45035e+00	1.60051e-05	1.05142e-02
2.46028e+00	1.61131e-05	1.05128e-02
2.47022e+00	1.62248e-05	1.05125e-02
2.48047e+00	1.63346e-05	1.05124e-02
2.49041e+00	1.64448e-05	1.05141e-02
2.50033e+00	1.65519e-05	1.05111e-02
2.51026e+00	1.66556e-05	1.05113e-02
2.52019e+00	1.67645e-05	1.05116e-02
2.53047e+00	1.68775e-05	1.05123e-02
2.54042e+00	1.69835e-05	1.05106e-02
2.55035e+00	1.70869e-05	1.05094e-02
2.56027e+00	1.71913e-05	1.05109e-02
2.57023e+00	1.73019e-05	1.05087e-02
2.58049e+00	1.74092e-05	1.05087e-02
2.59041e+00	1.75134e-05	1.05105e-02
2.60032e+00	1.76184e-05	1.05105e-02
2.61027e+00	1.77250e-05	1.05084e-02
2.62026e+00	1.78316e-05	1.05080e-02
2.63050e+00	1.79383e-05	1.05104e-02
2.64041e+00	1.80444e-05	1.05095e-02
2.65035e+00	1.81488e-05	1.05101e-02
2.66030e+00	1.82488e-05	1.05098e-02
2.67024e+00	1.83559e-05	1.05099e-02
2.68049e+00	1.84572e-05	1.05085e-02
2.69042e+00	1.85580e-05	1.05094e-02
2.70038e+00	1.86597e-05	1.05075e-02
2.71030e+00	1.87652e-05	1.05078e-02
2.72026e+00	1.88625e-05	1.05075e-02
2.73049e+00	1.89704e-05	1.05075e-02
2.74042e+00	1.90694e-05	1.05080e-02
2.75036e+00	1.91707e-05	1.05089e-02
2.76028e+00	1.92713e-05	1.05059e-02
2.77022e+00	1.93671e-05	1.05056e-02
2.78051e+00	1.94699e-05	1.05086e-02
2.79046e+00	1.95746e-05	1.05072e-02
2.80038e+00	1.96759e-05	1.05088e-02
2.81033e+00	1.97745e-05	1.05072e-02
2.82026e+00	1.98692e-05	1.05046e-02
2.83055e+00	1.99722e-05	1.05061e-02
2.84049e+00	2.00730e-05	1.05038e-02
2.85040e+00	2.01679e-05	1.05031e-02
2.86036e+00	2.02663e-05	1.05036e-02
2.87034e+00	2.03662e-05	1.05047e-02
2.88059e+00	2.04669e-05	1.05056e-02
2.89052e+00	2.05649e-05	1.05036e-02
2.90047e+00	2.06629e-05	1.05050e-02
2.91040e+00	2.07606e-05	1.05069e-02
2.92034e+00	2.08597e-05	1.05083e-02
2.93058e+00	2.09602e-05	1.05072e-02
2.94050e+00	2.10544e-05	1.05089e-02
2.95050e+00	2.11488e-05	1.05093e-02
2.96045e+00	2.12437e-05	1.05080e-02
2.97034e+00	2.13419e-05	1.05071e-02
2.98062e+00	2.14391e-05	1.05084e-02
2.99055e+00	2.15327e-05	1.05088e-02
3.00051e+00	2.16260e-05	1.05068e-02
3.01044e+00	2.17177e-05	1.05072e-02
3.02037e+00	2.18137e-05	1.05063e-02
3.03064e+00	2.19165e-05	1.05066e-02
3.04059e+00	2.20055e-05	1.05072e-02
3.05051e+00	2.21016e-05	1.05062e-02
3.06044e+00	2.21969e-05	1.05081e-02
3.07036e+00	2.22911e-05	1.05079e-02
3.08065e+00	2.23876e-05	1.05088e-02
3.09058e+00	2.24787e-05	1.05090e-02
3.10050e+00	2.25715e-05	1.05088e-02
3.11044e+00	2.26624e-05	1.05087e-02
3.12039e+00	2.27578e-05	1.05089e-02
3.13063e+00	2.28519e-05	1.05090e-02
3.14057e+00	2.29437e-05	1.05095e-02
3.15050e+00	2.30392e-05	1.05107e-02
3.16042e+00	2.31292e-05	1.05098e-02
3.17039e+00	2.32178e-05	1.05107e-02
3.18063e+00	2.33131e-05	1.05091e-02
3.19055e+00	2.33976e-05	1.05082e-02
3.20050e+00	2.34868e-05	1.05091e-02
3.21046e+00	2.35810e-05	1.05097e-02
3.22037e+00	2.36758e-05	1.05102e-02
3.23064e+00	2.37703e-05	1.05100e-02
3.24058e+00	2.38553e-05	1.05110e-02
3.25054e+00	2.39471e-05	1.05099e-02
3.26046e+00	2.40348e-05	1.05105e-02
3.27038e+00	2.41205e-05	1.05084e-02
3.28066e+00	2.42089e-05	1.05081e-02
3.29059e+00	2.42929e-05	1.05074e-02
3.30053e+00	2.43837e-05	1.05062e-02
3.31043e+00	2.44696e-05	1.05080e-02
3.32037e+00	2.45586e-05	1.05065e-02
3.33065e+00	2.46476e-05	1.05059e-02
3.34058e+00	2.47376e-05	1.05069e-02
3.35051e+00	2.48280e-05	1.05075e-02
3.36046e+00	2.49113e-05	1.05072e-02
3.37039e+00	2.49995e-05	1.05078e-02
3.38065e+00	2.50878e-05	1.05068e-02
3.39058e+00	2.51755e-05	1.05067e-02
3.40052e+00	2.52549e-05	1.05064e-02
3.41044e+00	2.53417e-05	1.05061e-02
3.42040e+00	2.54250e-05	1.05054e-02
3.43067e+00	2.55164e-05	1.05055e-02
3.44059e+00	2.56000e-05	1.05056e-02
3.45052e+00	2.56804e-05	1.05020e-02
3.46047e+00	2.57684e-05	1.05059e-02
3.47039e+00	2.58459e-05	1.05036e-02
3.48065e+00	2.59369e-05	1.05037e-02
3.49058e+00	2.60192e-05	1.05026e-02
3.50052e+00	2.61083e-05	1.05041e-02
3.51044e+00	2.61918e-05	1.05027e-02
3.52036e+00	2.62677e-05	1.05022e-02
3.53064e+00	2.63554e-05	1.05020e-02
3.54057e+00	2.64373e-05	1.05029e-02
3.55051e+00	2.65260e-05	1.05026e-02
3.56045e+00	2.66041e-05	1.05017e-02
3.57037e+00	2.66810e-05	1.05001e-02
3.58062e+00	2.67691e-05	1.05007e-02
3.59059e+00	2.68494e-05	1.05011e-02
3.60053e+00	2.69324e-05	1.05017e-02
3.61048e+00	2.70134e-05	1.05008e-02
3.62038e+00	2.70960e-05	1.05026e-02
3.63065e+00	2.71860e-05	1.05021e-02
3.64058e+00	2.72656e-05	1.05023e-02
3.65051e+00	2.73462e-05	1.05025e-02
3.66044e+00	2.74249e-05	1.05007e-02
3.67039e+00	2.75085e-05	1.05005e-02
3.68065e+00	2.75916e-05	1.05011e-02
3.69058e+00	2.76798e-05	1.05030e-02
3.70052e+00	2.77526e-05	1.05011e-02
3.71046e+00	2.78317e-05	1.05023e-02
3.72042e+00	2.79172e-05	1.05023e-02
3.73037e+00	2.79983e-05	1.05020e-02
3.74059e+00	2.80766e-05	1.05036e-02
3.75054e+00	2.81613e-05	1.05011e-02
3.76047e+00	2.82392e-05	1.05012e-02
3.77041e+00	2.83129e-05	1.05011e-02
3.78035e+00	2.83921e-05	1.05001e-02
3.79061e+00	2.84723e-05	1.05012e-02
3.80056e+00	2.85509e-05	1.05011e-02
3.81050e+00	2.86277e-05	1.04993e-02
3.82043e+00	2.87049e-05	1.04992e-02
3.83036e+00	2.87807e-05	1.04992e-02
3.84063e+00	2.88571e-05	1.05000e-02
3.85059e+00	2.89459e-05	1.04996e-02
3.86051e+00	2.90243e-05	1.05001e-02
3.87044e+00	2.90997e-05	1.04980e-02
3.88036e+00	2.91769e-05	1.04978e-02
3.89066e+00	2.92549e-05	1.04995e-02
3.90057e+00	2.93375e-05	1.04990e-02
3.91047e+00	2.94105e-05	1.04978e-02
3.92041e+00	2.94794e-05	1.04987e-02
3.93037e+00	2.95587e-05	1.04982e-02
3.94065e+00	2.96364e-05	1.04979e-02
3.95056e+00	2.97223e-05	1.04975e-02
3.96050e+00	2.97954e-05	1.04977e-02
3.97047e+00	2.98714e-05	1.04990e-02
3.98037e+00	2.99483e-05	1.05000e-02
3.99061e+00	3.00268e-05	1.04988e-02
4.00056e+00	3.01070e-05	1.05004e-02
4.01052e+00	3.01815e-05	1.05002e-02
4.02047e+00	3.02605e-05	1.05004e-02
4.03037e+00	3.03335e-05	1.04990e-02
4.04063e+00	3.04149e-05	1.05010e-02
4.05059e+00	3.04899e-05	1.05011e-02
4.06053e+00	3.05665e-05	1.05016e-02
4.07044e+00	3.06367e-05	1.05002e-02
4.08038e+00	3.07107e-05	1.05012e-02
4.09062e+00	3.07913e-05	1.04997e-02
4.10064e+00	3.08661e-05	1.05013e-02
4.11056e+00	3.09371e-05	1.05001e-02
4.12050e+00	3.10093e-05	1.05011e-02
4.13042e+00	3.10798e-05	1.05031e-02
4.14070e+00	3.11673e-05	1.05033e-02
4.15062e+00	3.12420e-05	1.05031e-02
4.16056e+00	3.13168e-05	1.05049e-02
4.17047e+00	3.13845e-05	1.05033e-02
4.18046e+00	3.14610e-05	1.05056e-02
4.19070e+00	3.15420e-05	1.05075e-02
4.20061e+00	3.16187e-05	1.05058e-02
4.21055e+00	3.16917e-05	1.05067e-02
4.22051e+00	3.17622e-05	1.05066e-02
4.23042e+00	3.18347e-05	1.05067e-02
4.24066e+00	3.19065e-05	1.05078e-02
4.25061e+00	3.19767e-05	1.05060e-02
4.26057e+00	3.20603e-05	1.05079e-02
4.27051e+00	3.21264e-05	1.05079e-02
4.28045e+00	3.21998e-05	1.05072e-02
4.29066e+00	3.22667e-05	1.05088e-02
4.30064e+00	3.23482e-05	1.05096e-02
4.31058e+00	3.24227e-05	1.05087e-02
4.32050e+00	3.24885e-05	1.05106e-02
4.33042e+00	3.25648e-05	1.05081e-02
4.34070e+00	3.26322e-05	1.05080e-02
4.35066e+00	3.27006e-05	1.05082e-02
4.36056e+00	3.27749e-05	1.05094e-02
4.37046e+00	3.28483e-05	1.05067e-02
4.38043e+00	3.29181e-05	1.05087e-02
4.39069e+00	3.29960e-05	1.05088e-02
4.40063e+00	3.30647e-05	1.05084e-02
4.41054e+00	3.31339e-05	1.05077e-02
4.42046e+00	3.31902e-05	1.05057e-02
4.43039e+00	3.32637e-05	1.05073e-02
4.44068e+00	3.33353e-05	1.05073e-02
4.45059e+00	3.34020e-05	1.05071e-02
4.46051e+00	3.34688e-05	1.05054e-02
4.47046e+00	3.35378e-05	1.05079e-02
4.48040e+00	3.36181e-05	1.05079e-02
4.49064e+00	3.36911e-05	1.05087e-02
4.50059e+00	3.37592e-05	1.05075e-02
4.51053e+00	3.38271e-05	1.05089e-02
4.52049e+00	3.38888e-05	1.05083e-02
4.53044e+00	3.39649e-05	1.05065e-02
4.54068e+00	3.40379e-05	1.05092e-02
4.55061e+00	3.41089e-05	1.05091e-02
4.56056e+00	3.41735e-05	1.05098e-02
4.57050e+00	3.42402e-05	1.05074e-02
4.58040e+00	3.43029e-05	1.05084e-02
4.59069e+00	3.43810e-05	1.05079e-02
4.60064e+00	3.44391e-05	1.05084e-02
4.61057e+00	3.45080e-05	1.05076e-02
4.62047e+00	3.45855e-05	1.05075e-02
4.63044e+00	3.46380e-05	1.05078e-02
4.64067e+00	3.47115e-05	1.05060e-02
4.65060e+00	3.47756e-05	1.05076e-02
4.66057e+00	3.48389e-05	1.05055e-02
4.67050e+00	3.49055e-05	1.05060e-02
4.68043e+00	3.49760e-05	1.05068e-02
4.69069e+00	3.50469e-05	1.05080e-02
4.70062e+00	3.51131e-05	1.05093e-02
4.71057e+00	3.51776e-05	1.05084e-02
4.72049e+00	3.52518e-05	1.05103e-02
4.73043e+00	3.53171e-05	1.05103e-02
4.74069e+00	3.53838e-05	1.05091e-02
4.75059e+00	3.54541e-05	1.05086e-02
4.76057e+00	3.55182e-05	1.05094e-02
4.77052e+00	3.55788e-05	1.05093e-02
4.78046e+00	3.56513e-05	1.05086e-02
4.79071e+00	3.57168e-05	1.05088e-02
4.80065e+00	3.57835e-05	1.05099e-02
4.81057e+00	3.58481e-05	1.05096e-02
4.82052e+00	3.59141e-05	1.05105e-02
4.83045e+00	3.59754e-05	1.05108e-02
4.84071e+00	3.60491e-05	1.05100e-02
4.85066e+00	3.61040e-05	1.05095e-02
4.86062e+00	3.61745e-05	1.05101e-02
4.87055e+00	3.62369e-05	1.05093e-02
4.88048e+00	3.62935e-05	1.05082e-02
4.89075e+00	3.63657e-05	1.05086e-02
4.90067e+00	3.64221e-05	1.05069e-02
4.91060e+00	3.64855e-05	1.05064e-02
4.92055e+00	3.65533e-05	1.05058e-02
4.93045e+00	3.66164e-05	1.05058e-02
4.94043e+00	3.66811e-05	1.05063e-02
4.95068e+00	3.67450e-05	1.05055e-02
4.96058e+00	3.68139e-05	1.05083e-02
4.97052e+00	3.68785e-05	1.05073e-02
4.98045e+00	3.69435e-05	1.05064e-02
4.99041e+00	3.70040e-05	1.05074e-02
5.00065e+00	3.70596e-05	1.05072e-02
-2.95401e-05	-1.87063e-12	1.00509e-01
1.00248e-02	-1.65963e-12	1.00515e-01
2.00263e-02	-1.29187e-12	1.00512e-01
3.00293e-02	-1.00768e-12	1.00513e-01
4.00285e-02	-6.42300e-13	1.00513e-01
5.00324e-02	-4.10438e-13	1.00514e-01
6.00295e-02	-1.79052e-13	1.00516e-01
7.00348e-02	8.39233e-14	1.00520e-01
8.00348e-02	2.92063e-13	1.00517e-01
9.00332e-02	4.72665e-13	1.00518e-01
1.00031e-01	6.85692e-13	1.00516e-01
1.10031e-01	8.64029e-13	1.00514e-01
1.20037e-01	1.05596e-12	1.00514e-01
1.30034e-01	1.23560e-12	1.00512e-01
1.40032e-01	1.39725e-12	1.00508e-01
1.50027e-01	1.57142e-12	1.00508e-01
1.60025e-01	1.75107e-12	1.00505e-01
1.70026e-01	1.93989e-12	1.00501e-01
1.80022e-01	2.14386e-12	1.00500e-01
1.90022e-01	2.38669e-12	1.00500e-01
2.00022e-01	2.62201e-12	1.00498e-01
2.10033e-01	2.94685e-12	1.00499e-01
2.20020e-01	3.23308e-12	1.00496e-01
2.30008e-01	3.57461e-12	1.00501e-01
2.40034e-01	3.98648e-12	1.00497e-01
2.50021e-01	4.41551e-12	1.00501e-01
2.60045e-01	4.95028e-12	1.00501e-01
2.70037e-01	5.50210e-12	1.00503e-01
2.80021e-01	6.16503e-12	1.00505e-01
2.90045e-01	6.92999e-12	1.00508e-01
3.00033e-01	7.80666e-12	1.00513e-01
3.10021e-01	8.75723e-12	1.00517e-01
3.20050e-01	9.91178e-12	1.00510e-01
3.30033e-01	1.12021e-11	1.00507e-01
3.40017e-01	1.26775e-11	1.00504e-01
3.50040e-01	1.43749e-11	1.00501e-01
3.60027e-01	1.63212e-11	1.00505e-01
3.70018e-01	1.85283e-11	1.00498e-01
3.80045e-01	2.11071e-11	1.00498e-01
3.90031e-01	2.40706e-11	1.00500e-01
4.00020e-01	2.74738e-11	1.00497e-01
4.10050e-01	3.14288e-11	1.00499e-01
4.20036e-01	3.59504e-11	1.00499e-01
4.30028e-01	4.11786e-11	1.00496e-01
4.40042e-01	4.72571e-11	1.00491e-01
4.50027e-01	5.42250e-11	1.00497e-01
4.60016e-01	6.22426e-11	1.00495e-01
4.70049e-01	7.15901e-11	1.00490e-01
4.80042e-01	8.22867e-11	1.00492e-01
4.90033e-01	9.47492e-11	1.00491e-01
5.00057e-01	1.09196e-10	1.00484e-01
5.10041e-01	1.25796e-10	1.00483e-01
5.20064e-01	1.45131e-10	1.00482e-01
5.30051e-01	1.67429e-10	1.00483e-01
5.40039e-01	1.93221e-10	1.00483e-01
5.50059e-01	2.23264e-10	1.00479e-01
5.60050e-01	2.57839e-10	1.00482e-01
5.70042e-01	2.98123e-10	1.00481e-01
5.80068e-01	3.44811e-10	1.00481e-01
5.90056e-01	3.98869e-10	1.00485e-01
6.00044e-01	4.61480e-10	1.00485e-01
6.10069e-01	5.34412e-10	1.00484e-01
6.20056e-01	6.18867e-10	1.00480e-01
6.30047e-01	7.17055e-10	1.00475e-01
6.40070e-01	8.31406e-10	1.00471e-01
6.50054e-01	9.63833e-10	1.00473e-01
6.60039e-01	1.11815e-09	1.00474e-01
6.70068e-01	1.29784e-09	1.00475e-01
6.80055e-01	1.50611e-09	1.00474e-01
6.90042e-01	1.74864e-09	1.00476e-01
7.00065e-01	2.03099e-09	1.00477e-01
7.10052e-01	2.35971e-09	1.00477e-01
7.20041e-01	2.74131e-09	1.00477e-01
7.30063e-01	3.18789e-09	1.00479e-01
7.40048e-01	3.70561e-09	1.00478e-01
7.50041e-01	4.31111e-09	1.00477e-01
7.60070e-01	5.01755e-09	1.00478e-01
7.70059e-01	5.83731e-09	1.00478e-01
7.80080e-01	6.79843e-09	1.00477e-01
7.90071e-01	7.91674e-09	1.00478e-01
8.00056e-01	9.21774e-09	1.00475e-01
8.10080e-01	1.07430e-08	1.00478e-01
8.20066e-01	1.25133e-08	1.00477e-01
8.30059e-01	1.45820e-08	1.00477e-01
8.40082e-01	1.70012e-08	1.00475e-01
8.50070e-01	1.98230e-08	1.00477e-01
8.60058e-01	2.31081e-08	1.00475e-01
8.70080e-01	2.69550e-08	1.00472e-01
8.80067e-01	3.14257e-08	1.00473e-01
8.90056e-01	3.66388e-08	1.00471e-01
9.00078e-01	4.27419e-08	1.00470e-01
9.10070e-01	4.98452e-08	1.00470e-01
9.20055e-01	5.81260e-08	1.00469e-01
9.30078e-01	6.78006e-08	1.00468e-01
9.40067e-01	7.90365e-08	1.00466e-01
9.50054e-01	9.21252e-08	1.00464e-01
9.60079e-01	1.07491e-07	1.00473e-01
9.70073e-01	1.25255e-07	1.00472e-01
9.80062e-01	1.45836e-07	1.00469e-01
9.90085e-01	1.69838e-07	1.00470e-01
1.00007e+00	1.97491e-07	1.00470e-01
1.01006e+00	2.29619e-07	1.00471e-01
1.02008e+00	2.66864e-07	1.00472e-01
1.03007e+00	3.09671e-07	1.00471e-01
1.04009e+00	3.59304e-07	1.00472e-01
1.05008e+00	4.15919e-07	1.00471e-01
1.06007e+00	4.81245e-07	1.00472e-01
1.07010e+00	5.56131e-07	1.00472e-01
1.08008e+00	6.41260e-07	1.00472e-01
1.09007e+00	7.38056e-07	1.00471e-01
1.10009e+00	8.48848e-07	1.00469e-01
1.11008e+00	9.73798e-07	1.00471e-01
1.12007e+00	1.11445e-06	1.00472e-01
1.13009e+00	1.27343e-06	1.00471e-01
1.14008e+00	1.45047e-06	1.00470e-01
1.15006e+00	1.64819e-06	1.00470e-01
1.16009e+00	1.86977e-06	1.00470e-01
1.17007e+00	2.11367e-06	1.00469e-01
1.18006e+00	2.38473e-06	1.00469e-01
1.19009e+00	2.68232e-06	1.00470e-01
1.20008e+00	3.00623e-06	1.00470e-01
1.21006e+00	3.36271e-06	1.00467e-01
1.22008e+00	3.75003e-06	1.00468e-01
1.23007e+00	4.16764e-06	1.00467e-01
1.24006e+00	4.61845e-06	1.00467e-01
1.25008e+00	5.10424e-06	1.00465e-01
1.26007e+00	5.62146e-06	1.00465e-01
1.27006e+00	6.17762e-06	1.00466e-01
1.28008e+00	6.76878e-06	1.00463e-01
1.29007e+00	7.39244e-06	1.00466e-01
1.30009e+00	8.05447e-06	1.00463e-01
1.31008e+00	8.74699e-06	1.00463e-01
1.32006e+00	9.47434e-06	1.00463e-01
1.33009e+00	1.02388e-05	1.00468e-01
1.34007e+00	1.10317e-05	1.00468e-01
1.35007e+00	1.18593e-05	1.00468e-01
1.36009e+00	1.27189e-05	1.00467e-01
1.37008e+00	1.36063e-05	1.00468e-01
1.38006e+00	1.45231e-05	1.00468e-01
1.39009e+00	1.54706e-05	1.00468e-01
1.40007e+00	1.64386e-05	1.00469e-01
1.41006e+00	1.74360e-05	1.00468e-01
1.42008e+00	1.84559e-05	1.00468e-01
1.43008e+00	1.94988e-05	1.00467e-01
1.44006e+00	2.05601e-05	1.00467e-01
1.45009e+00	2.16467e-05	1.00468e-01
1.46007e+00	2.27466e-05	1.00468e-01
1.47006e+00	2.38611e-05	1.00468e-01
1.48008e+00	2.49989e-05	1.00468e-01
1.49007e+00	2.61457e-05	1.00468e-01
1.50006e+00	2.73068e-05	1.00467e-01
1.51008e+00	2.84841e-05	1.00469e-01
1.52007e+00	2.96698e-05	1.00469e-01
1.53009e+00	3.08720e-05	1.00466e-01
1.54007e+00	3.20775e-05	1.00468e-01
1.55007e+00	3.32939e-05	1.00470e-01
1.56008e+00	3.45246e-05	1.00468e-01
1.57008e+00	3.57526e-05	1.00470e-01
1.58007e+00	3.69916e-05	1.00468e-01
1.59009e+00	3.82448e-05	1.00470e-01
1.60007e+00	3.94936e-05	1.00470e-01
1.61006e+00	4.07473e-05	1.00469e-01
1.62008e+00	4.20030e-05	1.00471e-01
1.63007e+00	4.32645e-05	1.00470e-01
1.64005e+00	4.45302e-05	1.00472e-01
1.65008e+00	4.58013e-05	1.00472e-01
1.66007e+00	4.70721e-05	1.00473e-01
1.67006e+00	4.83461e-05	1.00470e-01
1.68008e+00	4.96260e-05	1.00470e-01
1.69007e+00	5.08998e-05	1.00470e-01
1.70005e+00	5.21806e-05	1.00469e-01
1.71007e+00	5.34640e-05	1.00469e-01
1.72007e+00	5.47339e-05	1.00469e-01
1.73005e+00	5.60142e-05	1.00470e-01
1.74007e+00	5.73017e-05	1.00471e-01
1.75006e+00	5.85777e-05	1.00471e-01
1.76004e+00	5.98498e-05	1.00471e-01
1.77006e+00	6.11337e-05	1.00471e-01
1.78005e+00	6.24084e-05	1.00471e-01
1.79008e+00	6.36830e-05	1.00471e-01
1.80007e+00	6.49606e-05	1.00472e-01
1.81005e+00	6.62323e-05	1.00472e-01
1.82007e+00	6.75034e-05	1.00471e-01
1.83006e+00	6.87754e-05	1.00471e-01
1.84004e+00	7.00369e-05	1.00470e-01
1.85006e+00	7.13019e-05	1.00471e-01
1.86005e+00	7.25693e-05	1.00471e-01
1.87004e+00	7.38318e-05	1.00471e-01
1.88006e+00	7.50901e-05	1.00469e-01
1.89005e+00	7.63420e-05	1.00469e-01
1.90003e+00	7.75927e-05	1.00470e-01
1.91005e+00	7.88487e-05	1.00469e-01
1.92004e+00	8.00942e-05	1.00467e-01
1.93000e+00	8.13346e-05	1.00467e-01
1.94002e+00	8.25832e-05	1.00466e-01
1.95001e+00	8.38246e-05	1.00466e-01
1.96000e+00	8.50593e-05	1.00466e-01
1.97002e+00	8.62993e-05	1.00466e-01
1.98001e+00	8.75299e-05	1.00465e-01
1.98999e+00	8.87550e-05	1.00464e-01
2.00001e+00	8.99886e-05	1.00463e-01
2.01036e+00	9.12246e-05	1.00462e-01
2.02063e+00	9.24771e-05	1.00463e-01
2.03058e+00	9.36881e-05	1.00463e-01
2.04049e+00	9.48935e-05	1.00464e-01
2.05045e+00	9.60959e-05	1.00463e-01
2.06037e+00	9.72936e-05	1.00462e-01
2.07061e+00	9.85281e-05	1.00464e-01
2.08054e+00	9.97238e-05	1.00464e-01
2.09046e+00	1.00915e-04	1.00465e-01
2.10040e+00	1.02103e-04	1.00464e-01
2.11036e+00	1.03292e-04	1.00466e-01
2.12062e+00	1.04508e-04	1.00463e-01
2.13055e+00	1.05697e-04	1.00464e-01
2.14047e+00	1.06872e-04	1.00465e-01
2.15044e+00	1.08042e-04	1.00465e-01
2.16035e+00	1.09214e-04	1.00466e-01
2.17059e+00	1.10412e-04	1.00464e-01
2.18051e+00	1.11575e-04	1.00465e-01
2.19046e+00	1.12735e-04	1.00467e-01
2.20040e+00	1.13890e-04	1.00466e-01
2.21032e+00	1.15044e-04	1.00464e-01
2.22060e+00	1.16234e-04	1.00466e-01
2.23055e+00	1.17382e-04	1.00466e-01
2.24048e+00	1.18528e-04	1.00465e-01
2.25039e+00	1.19669e-04	1.00465e-01
2.26033e+00	1.20799e-04	1.00465e-01
2.27059e+00	1.21973e-04	1.00466e-01
2.28054e+00	1.23108e-04	1.00464e-01
2.29048e+00	1.24234e-04	1.00462e-01
2.30039e+00	1.25357e-04	1.00462e-01
2.31034e+00	1.26484e-04	1.00462e-01
2.32062e+00	1.27639e-04	1.00461e-01
2.33055e+00	1.28750e-04	1.00461e-01
2.34045e+00	1.29867e-04	1.00462e-01
2.35039e+00	1.30970e-04	1.00462e-01
2.36036e+00	1.32078e-04	1.00460e-01
2.37062e+00	1.33213e-04	1.00460e-01
2.38057e+00	1.34325e-04	1.00461e-01
2.39051e+00	1.35417e-04	1.00461e-01
2.40046e+00	1.36515e-04	1.00461e-01
2.41040e+00	1.37604e-04	1.00459e-01
2.42062e+00	1.38724e-04	1.00459e-01
2.43057e+00	1.39810e-04	1.00459e-01
2.44050e+00	1.40890e-04	1.00460e-01
2.45041e+00	1.41968e-04	1.00461e-01
2.46035e+00	1.43044e-04	1.00461e-01
2.47029e+00	1.44113e-04	1.00461e-01
2.48054e+00	1.45221e-04	1.00462e-01
2.49048e+00	1.46287e-04	1.00461e-01
2.50041e+00	1.47346e-04	1.00461e-01
2.51034e+00	1.48404e-04	1.00462e-01
2.52027e+00	1.49464e-04	1.00462e-01
2.53054e+00	1.50541e-04	1.00461e-01
2.54047e+00	1.51601e-04	1.00460e-01
2.55039e+00	1.52655e-04	1.00461e-01
2.56033e+00	1.53693e-04	1.00461e-01
2.57031e+00	1.54742e-04	1.00461e-01
2.58055e+00	1.55813e-04	1.00460e-01
2.59045e+00	1.56849e-04	1.00460e-01
2.60039e+00	1.57884e-04	1.00459e-01
2.61033e+00	1.58914e-04	1.00459e-01
2.62031e+00	1.59946e-04	1.00462e-01
2.63056e+00	1.61005e-04	1.00461e-01
2.64050e+00	1.62032e-04	1.00461e-01
2.65047e+00	1.63052e-04	1.00461e-01
2.66042e+00	1.64066e-04	1.00461e-01
2.67035e+00	1.65081e-04	1.00463e-01
2.68058e+00	1.66126e-04	1.00462e-01
2.69053e+00	1.67136e-04	1.00461e-01
2.70051e+00	1.68141e-04	1.00461e-01
2.71041e+00	1.69144e-04	1.00460e-01
2.72034e+00	1.70146e-04	1.00461e-01
2.73059e+00	1.71179e-04	1.00462e-01
2.74055e+00	1.72167e-04	1.00460e-01
2.75047e+00	1.73167e-04	1.00461e-01
2.76039e+00	1.74149e-04	1.00463e-01
2.77030e+00	1.75139e-04	1.00463e-01
2.78060e+00	1.76154e-04	1.00462e-01
2.79058e+00	1.77144e-04	1.00462e-01
2.80052e+00	1.78123e-04	1.00462e-01
2.81041e+00	1.79096e-04	1.00461e-01
2.82037e+00	1.80070e-04	1.00464e-01
2.83064e+00	1.81081e-04	1.00463e-01
2.84059e+00	1.82048e-04	1.00463e-01
2.85050e+00	1.83009e-04	1.00462e-01
2.86046e+00	1.83977e-04	1.00463e-01
2.87041e+00	1.84941e-04	1.00462e-01
2.88068e+00	1.85930e-04	1.00463e-01
2.89056e+00	1.86881e-04	1.00463e-01
2.90050e+00	1.87836e-04	1.00463e-01
2.91046e+00	1.88784e-04	1.00462e-01
2.92038e+00	1.89734e-04	1.00464e-01
2.93063e+00	1.90713e-04	1.00465e-01
2.94057e+00	1.91656e-04	1.00461e-01
2.95052e+00	1.92601e-04	1.00463e-01
2.96045e+00	1.93544e-04	1.00463e-01
2.97036e+00	1.94474e-04	1.00463e-01
2.98062e+00	1.95438e-04	1.00462e-01
2.99057e+00	1.96371e-04	1.00461e-01
3.00053e+00	1.97294e-04	1.00462e-01
3.01044e+00	1.98226e-04	1.00463e-01
3.02038e+00	1.99147e-04	1.00464e-01
3.03064e+00	2.00107e-04	1.00463e-01
3.04060e+00	2.01020e-04	1.00463e-01
3.05055e+00	2.01940e-04	1.00462e-01
3.06045e+00	2.02855e-04	1.00464e-01
3.07039e+00	2.03767e-04	1.00463e-01
3.08068e+00	2.04710e-04	1.00460e-01
3.09062e+00	2.05616e-04	1.00461e-01
3.10055e+00	2.06523e-04	1.00463e-01
3.11049e+00	2.07433e-04	1.00463e-01
3.12046e+00	2.08338e-04	1.00463e-01
3.13071e+00	2.09260e-04	1.00462e-01
3.14062e+00	2.10157e-04	1.00463e-01
3.15055e+00	2.11052e-04	1.00463e-01
3.16048e+00	2.11948e-04	1.00461e-01
3.17044e+00	2.12838e-04	1.00464e-01
3.18070e+00	2.13749e-04	1.00463e-01
3.19065e+00	2.14639e-04	1.00461e-01
3.20055e+00	2.15521e-04	1.00461e-01
3.21050e+00	2.16408e-04	1.00462e-01
3.22044e+00	2.17290e-04	1.00462e-01
3.23068e+00	2.18189e-04	1.00462e-01
3.24063e+00	2.19064e-04	1.00462e-01
3.25056e+00	2.19936e-04	1.00461e-01
3.26048e+00	2.20807e-04	1.00460e-01
3.27042e+00	2.21672e-04	1.00461e-01
3.28069e+00	2.22576e-04	1.00459e-01
3.29062e+00	2.23438e-04	1.00460e-01
3.30058e+00	2.24289e-04	1.00461e-01
3.31049e+00	2.25162e-04	1.00459e-01
3.32042e+00	2.26018e-04	1.00458e-01
3.33071e+00	2.26898e-04	1.00459e-01
3.34064e+00	2.27764e-04	1.00462e-01
3.35055e+00	2.28619e-04	1.00462e-01
3.36051e+00	2.29470e-04	1.00462e-01
3.37043e+00	2.30315e-04	1.00460e-01
3.38069e+00	2.31192e-04	1.00462e-01
3.39060e+00	2.32035e-04	1.00462e-01
3.40055e+00	2.32883e-04	1.00464e-01
3.41048e+00	2.33724e-04	1.00462e-01
3.42043e+00	2.34563e-04	1.00464e-01
3.43066e+00	2.35425e-04	1.00464e-01
3.44064e+00	2.36268e-04	1.00463e-01
3.45058e+00	2.37097e-04	1.00464e-01
3.46054e+00	2.37930e-04	1.00464e-01
3.47045e+00	2.38750e-04	1.00463e-01
3.48071e+00	2.39616e-04	1.00463e-01
3.49063e+00	2.40439e-04	1.00464e-01
3.50060e+00	2.41258e-04	1.00465e-01
3.51054e+00	2.42079e-04	1.00465e-01
3.52044e+00	2.42909e-04	1.00465e-01
3.53073e+00	2.43756e-04	1.00465e-01
3.54065e+00	2.44575e-04	1.00466e-01
3.55059e+00	2.45384e-04	1.00464e-01
3.56056e+00	2.46198e-04	1.00465e-01
3.57047e+00	2.47005e-04	1.00465e-01
3.58072e+00	2.47831e-04	1.00464e-01
3.59068e+00	2.48644e-04	1.00463e-01
3.60061e+00	2.49449e-04	1.00463e-01
3.61055e+00	2.50255e-04	1.00463e-01
3.62047e+00	2.51048e-04	1.00461e-01
3.63074e+00	2.51877e-04	1.00465e-01
3.64067e+00	2.52678e-04	1.00464e-01
3.65058e+00	2.53472e-04	1.00463e-01
3.66051e+00	2.54272e-04	1.00465e-01
3.67046e+00	2.55063e-04	1.00463e-01
3.68070e+00	2.55880e-04	1.00464e-01
3.69064e+00	2.56678e-04	1.00466e-01
3.70059e+00	2.57463e-04	1.00465e-01
3.71051e+00	2.58250e-04	1.00462e-01
3.72046e+00	2.59027e-04	1.00463e-01
3.73040e+00	2.59811e-04	1.00463e-01
3.74066e+00	2.60620e-04	1.00464e-01
3.75059e+00	2.61387e-04	1.00463e-01
3.76054e+00	2.62164e-04	1.00462e-01
3.77048e+00	2.62943e-04	1.00462e-01
3.78040e+00	2.63715e-04	1.00461e-01
3.79066e+00	2.64517e-04	1.00461e-01
3.80060e+00	2.65289e-04	1.00461e-01
3.81055e+00	2.66054e-04	1.00461e-01
3.82047e+00	2.66824e-04	1.00461e-01
3.83041e+00	2.67590e-04	1.00461e-01
3.84067e+00	2.68377e-04	1.00461e-01
3.85063e+00	2.69133e-04	1.00462e-01
3.86055e+00	2.69904e-04	1.00461e-01
3.87048e+00	2.70667e-04	1.00460e-01
3.88045e+00	2.71416e-04	1.00459e-01
3.89071e+00	2.72198e-04	1.00460e-01
3.90061e+00	2.72949e-04	1.00458e-01
3.91053e+00	2.73703e-04	1.00458e-01
3.92045e+00	2.74457e-04	1.00458e-01
3.93043e+00	2.75209e-04	1.00459e-01
3.94070e+00	2.75985e-04	1.00459e-01
3.95062e+00	2.76734e-04	1.00460e-01
3.96055e+00	2.77479e-04	1.00460e-01
3.97053e+00	2.78218e-04	1.00458e-01
3.98046e+00	2.78961e-04	1.00458e-01
3.99069e+00	2.79732e-04	1.00459e-01
4.00061e+00	2.80473e-04	1.00460e-01
4.01055e+00	2.81213e-04	1.00459e-01
4.02050e+00	2.81946e-04	1.00459e-01
4.03043e+00	2.82677e-04	1.00459e-01
4.04067e+00	2.83429e-04	1.00457e-01
4.05065e+00	2.84172e-04	1.00459e-01
4.06059e+00	2.84893e-04	1.00459e-01
4.07050e+00	2.85627e-04	1.00459e-01
4.08044e+00	2.86352e-04	1.00457e-01
4.09071e+00	2.87097e-04	1.00457e-01
4.10071e+00	2.87833e-04	1.00458e-01
4.11062e+00	2.88547e-04	1.00456e-01
4.12057e+00	2.89276e-04	1.00456e-01
4.13049e+00	2.89991e-04	1.00457e-01
4.14077e+00	2.90738e-04	1.00455e-01
4.15070e+00	2.91448e-04	1.00456e-01
4.16061e+00	2.92172e-04	1.00456e-01
4.17056e+00	2.92891e-04	1.00457e-01
4.18054e+00	2.93604e-04	1.00457e-01
4.19078e+00	2.94342e-04	1.00458e-01
4.20069e+00	2.95045e-04	1.00457e-01
4.21065e+00	2.95759e-04	1.00457e-01
4.22058e+00	2.96460e-04	1.00455e-01
4.23052e+00	2.97170e-04	1.00456e-01
4.24077e+00	2.97905e-04	1.00457e-01
4.25071e+00	2.98599e-04	1.00457e-01
4.26067e+00	2.99302e-04	1.00456e-01
4.27062e+00	3.00006e-04	1.00455e-01
4.28055e+00	3.00706e-04	1.00455e-01
4.29077e+00	3.01424e-04	1.00455e-01
4.30072e+00	3.02119e-04	1.00454e-01
4.31068e+00	3.02817e-04	1.00453e-01
4.32062e+00	3.03508e-04	1.00454e-01
4.33055e+00	3.04208e-04	1.00455e-01
4.34081e+00	3.04928e-04	1.00455e-01
4.35076e+00	3.05620e-04	1.00454e-01
4.36069e+00	3.06310e-04	1.00456e-01
4.37064e+00	3.06996e-04	1.00455e-01
4.38057e+00	3.07686e-04	1.00455e-01
4.39085e+00	3.08395e-04	1.00455e-01
4.40079e+00	3.09077e-04	1.00453e-01
4.41071e+00	3.09755e-04	1.00454e-01
4.42064e+00	3.10432e-04	1.00454e-01
4.43061e+00	3.11126e-04	1.00452e-01
4.44088e+00	3.11822e-04	1.00455e-01
4.45080e+00	3.12505e-04	1.00454e-01
4.46070e+00	3.13173e-04	1.00454e-01
4.47066e+00	3.13852e-04	1.00454e-01
4.48062e+00	3.14525e-04	1.00454e-01
4.49086e+00	3.15216e-04	1.00452e-01
4.50080e+00	3.15886e-04	1.00452e-01
4.51075e+00	3.16554e-04	1.00453e-01
4.52073e+00	3.17223e-04	1.00453e-01
4.53066e+00	3.17893e-04	1.00453e-01
4.54087e+00	3.18592e-04	1.00453e-01
4.55080e+00	3.19253e-04	1.00455e-01
4.56076e+00	3.19918e-04	1.00455e-01
4.57068e+00	3.20590e-04	1.00458e-01
4.58060e+00	3.21254e-04	1.00456e-01
4.59087e+00	3.21941e-04	1.00458e-01
4.60082e+00	3.22596e-04	1.00457e-01
4.61077e+00	3.23260e-04	1.00458e-01
4.62068e+00	3.23917e-04	1.00458e-01
4.63060e+00	3.24569e-04	1.00457e-01
4.64086e+00	3.25239e-04	1.00457e-01
4.65080e+00	3.25894e-04	1.00458e-01
4.66073e+00	3.26546e-04	1.00459e-01
4.67066e+00	3.27202e-04	1.00457e-01
4.68060e+00	3.27851e-04	1.00458e-01
4.69089e+00	3.28528e-04	1.00456e-01
4.70080e+00	3.29167e-04	1.00456e-01
4.71073e+00	3.29812e-04	1.00457e-01
4.72066e+00	3.30455e-04	1.00457e-01
4.73062e+00	3.31100e-04	1.00458e-01
4.74085e+00	3.31761e-04	1.00458e-01
4.75077e+00	3.32409e-04	1.00457e-01
4.76075e+00	3.33057e-04	1.00458e-01
4.77068e+00	3.33691e-04	1.00457e-01
4.78065e+00	3.34328e-04	1.00456e-01
4.79088e+00	3.34991e-04	1.00457e-01
4.80081e+00	3.35633e-04	1.00458e-01
4.81075e+00	3.36261e-04	1.00456e-01
4.82070e+00	3.36892e-04	1.00457e-01
4.83063e+00	3.37527e-04	1.00457e-01
4.84090e+00	3.38173e-04	1.00454e-01
4.85085e+00	3.38803e-04	1.00452e-01
4.86076e+00	3.39441e-04	1.00455e-01
4.87069e+00	3.40074e-04	1.00456e-01
4.88062e+00	3.40704e-04	1.00454e-01
4.89089e+00	3.41355e-04	1.00454e-01
4.90083e+00	3.41979e-04	1.00456e-01
4.91076e+00	3.42603e-04	1.00457e-01
4.92072e+00	3.43221e-04	1.00457e-01
4.93066e+00	3.43849e-04	1.00456e-01
4.94061e+00	3.44477e-04	1.00456e-01
4.95084e+00	3.45124e-04	1.00457e-01
4.96076e+00	3.45739e-04	1.00457e-01
4.97070e+00	3.46359e-04	1.00460e-01
4.98065e+00	3.46977e-04	1.00460e-01
4.99058e+00	3.47587e-04	1.00460e-01
5.00085e+00	3.48230e-04	1.00459e-01
-1.50442e-05	7.85971e-12	1.00048e+00
1.00380e-02	8.00240e-12	1.00048e+00
2.00351e-02	8.10599e-12	1.00048e+00
3.00379e-02	8.27753e-12	1.00047e+00
4.00439e-02	8.55351e-12	1.00047e+00
5.00404e-02	8.82077e-12	1.00047e+00
6.00464e-02	9.01127e-12	1.00048e+00
7.00474e-02	9.20308e-12	1.00048e+00
8.00484e-02	9.34088e-12	1.00049e+00
9.00449e-02	9.46844e-12	1.00049e+00
1.00039e-01	9.61494e-12	1.00049e+00
1.10036e-01	9.72462e-12	1.00049e+00
1.20037e-01	9.87852e-12	1.00049e+00
1.30039e-01	1.00803e-11	1.00049e+00
1.40036e-01	1.02658e-11	1.00048e+00
1.50031e-01	1.06927e-11	1.00047e+00
1.60032e-01	1.19748e-11	1.00048e+00
1.70035e-01	1.38171e-11	1.00047e+00
1.80037e-01	1.49511e-11	1.00047e+00
1.90030e-01	1.55177e-11	1.00047e+00
2.00026e-01	1.59190e-11	1.00047e+00
2.10039e-01	1.63292e-11	1.00048e+00
2.20026e-01	1.67056e-11	1.00049e+00
2.30022e-01	1.70941e-11	1.00049e+00
2.40045e-01	1.75403e-11	1.00049e+00
2.50030e-01	1.80326e-11	1.00048e+00
2.60052e-01	1.85498e-11	1.00048e+00
2.70044e-01	1.91408e-11	1.00048e+00
2.80031e-01	1.98680e-11	1.00049e+00
2.90056e-01	2.06972e-11	1.00048e+00
3.00043e-01	2.15365e-11	1.00047e+00
3.10030e-01	2.25946e-11	1.00047e+00
3.20057e-01	2.37126e-11	1.00047e+00
3.30050e-01	2.51398e-11	1.00047e+00
3.40036e-01	2.66592e-11	1.00047e+00
3.50065e-01	2.83753e-11	1.00047e+00
3.60052e-01	3.03577e-11	1.00047e+00
3.70042e-01	3.27028e-11	1.00047e+00
3.80065e-01	3.54371e-11	1.00047e+00
3.90063e-01	3.84350e-11	1.00047e+00
4.00051e-01	4.19257e-11	1.00047e+00
4.10068e-01	4.60995e-11	1.00047e+00
4.20057e-01	5.07334e-11	1.00048e+00
4.30043e-01	5.62655e-11	1.00047e+00
4.40069e-01	6.24832e-11	1.00048e+00
4.50054e-01	6.97131e-11	1.00047e+00
4.60040e-01	7.79837e-11	1.00046e+00
4.70070e-01	8.77205e-11	1.00046e+00
4.80062e-01	9.88573e-11	1.00046e+00
4.90049e-01	1.11704e-10	1.00047e+00
5.00072e-01	1.26776e-10	1.00046e+00
5.10061e-01	1.43922e-10	1.00047e+00
5.20082e-01	1.63978e-10	1.00047e+00
5.30066e-01	1.86928e-10	1.00046e+00
5.40054e-01	2.13729e-10	1.00047e+00
5.50077e-01	2.44841e-10	1.00047e+00
5.60066e-01	2.80765e-10	1.00047e+00
5.70055e-01	3.22445e-10	1.00047e+00
5.80080e-01	3.70935e-10	1.00047e+00
5.90075e-01	4.27334e-10	1.00047e+00
6.00062e-01	4.91941e-10	1.00048e+00
6.10085e-01	5.67715e-10	1.00047e+00
6.20073e-01	6.55432e-10	1.00046e+00
6.30055e-01	7.56962e-10	1.00046e+00
6.40080e-01	8.76074e-10	1.00046e+00
6.50067e-01	1.01357e-09	1.00046e+00
6.60049e-01	1.17355e-09	1.00046e+00
6.70074e-01	1.36024e-09	1.00046e+00
6.80063e-01	1.57620e-09	1.00046e+00
6.90049e-01	1.82794e-09	1.00046e+00
7.00076e-01	2.12111e-09	1.00046e+00
7.10061e-01	2.46270e-09	1.00046e+00
7.20048e-01	2.86086e-09	1.00046e+00
7.30072e-01	3.32513e-09	1.00046e+00
7.40058e-01	3.86540e-09	1.00046e+00
7.50045e-01	4.49308e-09	1.00046e+00
7.60071e-01	5.22981e-09	1.00047e+00
7.70058e-01	6.08249e-09	1.00046e+00
7.80077e-01	7.08088e-09	1.00046e+00
7.90064e-01	8.24368e-09	1.00046e+00
8.00051e-01	9.60055e-09	1.00046e+00
8.10074e-01	1.11876e-08	1.00046e+00
8.20063e-01	1.30298e-08	1.00046e+00
8.30054e-01	1.51862e-08	1.00046e+00
8.40080e-01	1.77059e-08	1.00046e+00
8.50068e-01	2.06467e-08	1.00046e+00
8.60053e-01	2.40705e-08	1.00046e+00
8.70075e-01	2.80900e-08	1.00046e+00
8.80065e-01	3.27632e-08	1.00046e+00
8.90053e-01	3.82061e-08	1.00046e+00
9.00077e-01	4.45879e-08	1.00046e+00
9.10065e-01	5.20181e-08	1.00046e+00
9.20051e-01	6.06677e-08	1.00046e+00
9.30076e-01	7.08179e-08	1.00046e+00
9.40063e-01	8.25613e-08	1.00046e+00
9.50053e-01	9.62576e-08	1.00046e+00
9.60076e-01	1.12361e-07	1.00046e+00
9.70067e-01	1.31003e-07	1.00046e+00
9.80053e-01	1.52579e-07	1.00046e+00
9.90079e-01	1.77843e-07	1.00047e+00
1.00007e+00	2.06938e-07	1.00047e+00
1.01005e+00	2.40616e-07	1.00047e+00
1.02008e+00	2.79812e-07	1.00047e+00
1.03006e+00	3.25051e-07	1.00047e+00
1.04009e+00	3.77270e-07	1.00047e+00
1.05007e+00	4.37234e-07	1.00046e+00
1.06006e+00	5.06176e-07	1.00046e+00
1.07009e+00	5.85399e-07	1.00046e+00
1.08008e+00	6.75990e-07	1.00046e+00
1.09007e+00	7.79258e-07	1.00046e+00
1.10009e+00	8.97204e-07	1.00046e+00
1.11007e+00	1.02971e-06	1.00047e+00
1.12006e+00	1.18103e-06	1.00046e+00
1.13009e+00	1.35178e-06	1.00046e+00
1.14007e+00	1.54263e-06	1.00046e+00
1.15006e+00	1.75684e-06	1.00046e+00
1.16008e+00	1.99592e-06	1.00047e+00
1.17007e+00	2.26115e-06	1.00046e+00
1.18006e+00	2.55648e-06	1.00047e+00
1.19008e+00	2.88387e-06	1.00047e+00
1.20007e+00	3.24301e-06	1.00047e+00
1.21006e+00	3.63754e-06	1.00047e+00
1.22008e+00	4.06944e-06	1.00047e+00
1.23007e+00	4.53964e-06	1.00047e+00
1.24006e+00	5.04943e-06	1.00047e+00
1.25008e+00	5.60536e-06	1.00047e+00
1.26007e+00	6.20057e-06	1.00046e+00
1.27006e+00	6.84631e-06	1.00047e+00
1.28008e+00	7.53876e-06	1.00046e+00
1.29007e+00	8.27993e-06	1.00046e+00
1.30009e+00	9.07719e-06	1.00046e+00
1.31008e+00	9.91920e-06	1.00046e+00
1.32006e+00	1.08137e-05	1.00047e+00
1.33009e+00	1.17735e-05	1.00047e+00
1.34007e+00	1.27791e-05	1.00047e+00
1.35006e+00	1.38444e-05	1.00047e+00
1.36008e+00	1.49678e-05	1.00047e+00
1.37008e+00	1.61517e-05	1.00047e+00
1.38006e+00	1.73945e-05	1.00047e+00
1.39008e+00	1.87028e-05	1.00047e+00
1.40007e+00	2.00698e-05	1.00047e+00
1.41005e+00	2.14970e-05	1.00046e+00
1.42008e+00	2.29884e-05	1.00047e+00
1.43007e+00	2.45396e-05	1.00047e+00
1.44006e+00	2.61539e-05	1.00047e+00
1.45008e+00	2.78366e-05	1.00047e+00
1.46006e+00	2.95775e-05	1.00047e+00
1.47005e+00	3.13877e-05	1.00046e+00
1.48008e+00	3.32734e-05	1.00047e+00
1.49006e+00	3.52122e-05	1.00047e+00
1.50005e+00	3.72120e-05	1.00047e+00
1.51008e+00	3.92867e-05	1.00047e+00
1.52006e+00	4.14350e-05	1.00047e+00
1.53008e+00	4.36457e-05	1.00047e+00
1.54007e+00	4.59157e-05	1.00047e+00
1.55006e+00	4.82521e-05	1.00047e+00
1.56009e+00	5.06737e-05	1.00047e+00
1.57008e+00	5.31417e-05	1.00046e+00
1.58006e+00	5.56825e-05	1.00046e+00
1.59009e+00	5.83098e-05	1.00046e+00
1.60007e+00	6.09832e-05	1.00046e+00
1.61006e+00	6.37281e-05	1.00046e+00
1.62008e+00	6.65555e-05	1.00046e+00
1.63007e+00	6.94282e-05	1.00046e+00
1.64005e+00	7.23732e-05	1.00046e+00
1.65007e+00	7.54066e-05	1.00046e+00
1.66006e+00	7.84892e-05	1.00046e+00
1.67005e+00	8.16392e-05	1.00046e+00
1.68008e+00	8.48672e-05	1.00046e+00
1.69006e+00	8.81531e-05	1.00046e+00
1.70004e+00	9.15153e-05	1.00046e+00
1.71007e+00	9.49477e-05	1.00045e+00
1.72006e+00	9.84347e-05	1.00046e+00
1.73004e+00	1.01971e-04	1.00046e+00
1.74007e+00	1.05613e-04	1.00046e+00
1.75005e+00	1.09297e-04	1.00046e+00
1.76003e+00	1.13053e-04	1.00046e+00
1.77006e+00	1.16891e-04	1.00046e+00
1.78004e+00	1.20769e-04	1.00046e+00
1.79007e+00	1.24752e-04	1.00046e+00
1.80006e+00	1.28775e-04	1.00046e+00
1.81004e+00	1.32858e-04	1.00046e+00
1.82006e+00	1.37028e-04	1.00046e+00
1.83005e+00	1.41245e-04	1.00046e+00
1.84003e+00	1.45517e-04	1.00046e+00
1.85005e+00	1.49896e-04	1.00046e+00
1.86004e+00	1.54322e-04	1.00046e+00
1.87003e+00	1.58779e-04	1.00046e+00
1.88005e+00	1.63342e-04	1.00046e+00
1.89003e+00	1.67953e-04	1.00046e+00
1.90002e+00	1.72632e-04	1.00046e+00
1.91004e+00	1.77388e-04	1.00046e+00
1.92002e+00	1.82207e-04	1.00046e+00
1.93001e+00	1.87056e-04	1.00046e+00
1.94003e+00	1.92010e-04	1.00046e+00
1.95002e+00	1.96996e-04	1.00046e+00
1.96001e+00	2.02045e-04	1.00046e+00
1.97003e+00	2.07204e-04	1.00046e+00
1.98001e+00	2.12360e-04	1.00046e+00
1.99000e+00	2.17616e-04	1.00046e+00
2.00002e+00	2.22949e-04	1.00046e+00
2.01028e+00	2.28361e-04	1.00046e+00
2.02057e+00	2.33931e-04	1.00046e+00
2.03050e+00	2.39379e-04	1.00046e+00
2.04041e+00	2.44925e-04	1.00046e+00
2.05038e+00	2.50509e-04	1.00046e+00
2.06033e+00	2.56168e-04	1.00046e+00
2.07057e+00	2.62050e-04	1.00046e+00
2.08051e+00	2.67846e-04	1.00046e+00
2.09043e+00	2.73674e-04	1.00046e+00
2.10039e+00	2.79611e-04	1.00046e+00
2.11034e+00	2.85520e-04	1.00046e+00
2.12059e+00	2.91728e-04	1.00046e+00
2.13054e+00	2.97810e-04	1.00046e+00
2.14047e+00	3.03950e-04	1.00046e+00
2.15042e+00	3.10129e-04	1.00046e+00
2.16037e+00	3.16401e-04	1.00046e+00
2.17061e+00	3.22880e-04	1.00046e+00
2.18055e+00	3.29272e-04	1.00046e+00
2.19049e+00	3.35710e-04	1.00046e+00
2.20043e+00	3.42184e-04	1.00046e+00
2.21036e+00	3.48740e-04	1.00046e+00
2.22063e+00	3.55560e-04	1.00046e+00
2.23057e+00	3.62173e-04	1.00046e+00
2.24051e+00	3.68889e-04	1.00046e+00
2.25041e+00	3.75638e-04	1.00046e+00
2.26036e+00	3.82450e-04	1.00046e+00
2.27062e+00	3.89541e-04	1.00046e+00
2.28059e+00	3.96487e-04	1.00046e+00
2.29053e+00	4.03504e-04	1.00046e+00
2.30046e+00	4.10522e-04	1.00046e+00
2.31038e+00	4.17582e-04	1.00046e+00
2.32065e+00	4.24932e-04	1.00046e+00
2.33062e+00	4.32169e-04	1.00046e+00
2.34051e+00	4.39408e-04	1.00046e+00
2.35046e+00	4.46699e-04	1.00046e+00
2.36038e+00	4.54049e-04	1.00046e+00
2.37064e+00	4.61737e-04	1.00046e+00
2.38059e+00	4.69185e-04	1.00046e+00
2.39051e+00	4.76706e-04	1.00046e+00
2.40049e+00	4.84242e-04	1.00046e+00
2.41043e+00	4.91844e-04	1.00046e+00
2.42065e+00	4.99770e-04	1.00046e+00
2.43059e+00	5.07461e-04	1.00046e+00
2.44053e+00	5.15260e-04	1.00046e+00
2.45050e+00	5.23065e-04	1.00045e+00
2.46042e+00	5.30947e-04	1.00046e+00
2.47037e+00	5.38835e-04	1.00046e+00
2.48061e+00	5.47075e-04	1.00046e+00
2.49057e+00	5.55063e-04	1.00045e+00
2.50049e+00	5.63143e-04	1.00045e+00
2.51042e+00	5.71216e-04	1.00045e+00
2.52037e+00	5.79394e-04	1.00045e+00
2.53065e+00	5.87871e-04	1.00045e+00
2.54059e+00	5.96120e-04	1.00045e+00
2.55052e+00	6.04392e-04	1.00045e+00
2.56046e+00	6.12747e-04	1.00045e+00
2.57040e+00	6.21068e-04	1.00046e+00
2.58066e+00	6.29777e-04	1.00046e+00
2.59058e+00	6.38238e-04	1.00045e+00
2.60051e+00	6.46747e-04	1.00045e+00
2.61047e+00	6.55275e-04	1.00045e+00
2.62043e+00	6.63869e-04	1.00045e+00
2.63067e+00	6.72777e-04	1.00044e+00
2.64058e+00	6.81427e-04	1.00044e+00
2.65052e+00	6.90167e-04	1.00044e+00
2.66047e+00	6.98890e-04	1.00044e+00
2.67040e+00	7.07663e-04	1.00044e+00
2.68062e+00	7.16713e-04	1.00044e+00
2.69055e+00	7.25633e-04	1.00044e+00
2.70050e+00	7.34525e-04	1.00044e+00
2.71046e+00	7.43460e-04	1.00044e+00
2.72037e+00	7.52412e-04	1.00044e+00
2.73065e+00	7.61738e-04	1.00044e+00
2.74058e+00	7.70754e-04	1.00044e+00
2.75052e+00	7.79744e-04	1.00044e+00
2.76045e+00	7.88942e-04	1.00044e+00
2.77037e+00	7.98027e-04	1.00044e+00
2.78067e+00	8.07496e-04	1.00044e+00
2.79064e+00	8.16707e-04	1.00044e+00
2.80054e+00	8.25986e-04	1.00044e+00
2.81049e+00	8.35233e-04	1.00044e+00
2.82042e+00	8.44519e-04	1.00044e+00
2.83072e+00	8.54155e-04	1.00044e+00
2.84065e+00	8.63472e-04	1.00044e+00
2.85057e+00	8.72848e-04	1.00044e+00
2.86051e+00	8.82255e-04	1.00044e+00
2.87048e+00	8.91662e-04	1.00044e+00
2.88073e+00	9.01365e-04	1.00044e+00
2.89066e+00	9.10850e-04	1.00044e+00
2.90060e+00	9.20333e-04	1.00044e+00
2.91056e+00	9.29774e-04	1.00044e+00
2.92051e+00	9.39379e-04	1.00044e+00
2.93073e+00	9.49141e-04	1.00044e+00
2.94067e+00	9.58674e-04	1.00044e+00
2.95067e+00	9.68265e-04	1.00044e+00
2.96058e+00	9.77911e-04	1.00044e+00
2.97049e+00	9.87558e-04	1.00044e+00
2.98077e+00	9.97470e-04	1.00044e+00
2.99071e+00	1.00736e-03	1.00045e+00
3.00067e+00	1.01702e-03	1.00045e+00
3.01058e+00	1.02668e-03	1.00045e+00
3.02052e+00	1.03633e-03	1.00045e+00
3.03079e+00	1.04627e-03	1.00045e+00
3.04073e+00	1.05593e-03	1.00045e+00
3.05068e+00	1.06569e-03	1.00044e+00
3.06059e+00	1.07540e-03	1.00045e+00
3.07051e+00	1.08510e-03	1.00045e+00
3.08080e+00	1.09516e-03	1.00045e+00
3.09071e+00	1.10490e-03	1.00045e+00
3.10066e+00	1.11461e-03	1.00045e+00
3.11059e+00	1.12434e-03	1.00045e+00
3.12054e+00	1.13410e-03	1.00045e+00
3.13081e+00	1.14414e-03	1.00045e+00
3.14071e+00	1.15382e-03	1.00045e+00
3.15066e+00	1.16363e-03	1.00045e+00
3.16060e+00	1.17331e-03	1.00045e+00
3.17054e+00	1.18309e-03	1.00045e+00
3.18075e+00	1.19318e-03	1.00045e+00
3.19071e+00	1.20294e-03	1.00045e+00
3.20065e+00	1.21271e-03	1.00045e+00
3.21062e+00	1.22241e-03	1.00045e+00
3.22054e+00	1.23216e-03	1.00045e+00
3.23079e+00	1.24217e-03	1.00045e+00
3.24073e+00	1.25196e-03	1.00045e+00
3.25067e+00	1.26165e-03	1.00045e+00
3.26061e+00	1.27136e-03	1.00045e+00
3.27053e+00	1.28107e-03	1.00045e+00
3.28082e+00	1.29116e-03	1.00045e+00
3.29077e+00	1.30088e-03	1.00045e+00
3.30072e+00	1.31052e-03	1.00045e+00
3.31062e+00	1.32022e-03	1.00045e+00
3.32056e+00	1.32993e-03	1.00045e+00
3.33084e+00	1.33992e-03	1.00045e+00
3.34076e+00	1.34953e-03	1.00045e+00
3.35068e+00	1.35918e-03	1.00045e+00
3.36060e+00	1.36877e-03	1.00045e+00
3.37054e+00	1.37841e-03	1.00045e+00
3.38081e+00	1.38837e-03	1.00045e+00
3.39075e+00	1.39802e-03	1.00045e+00
3.40070e+00	1.40763e-03	1.00045e+00
3.41063e+00	1.41720e-03	1.00045e+00
3.42060e+00	1.42682e-03	1.00045e+00
3.43084e+00	1.43667e-03	1.00045e+00
3.44080e+00	1.44627e-03	1.00045e+00
3.45075e+00	1.45574e-03	1.00045e+00
3.46069e+00	1.46530e-03	1.00045e+00
3.47060e+00	1.47481e-03	1.00045e+00
3.48085e+00	1.48455e-03	1.00045e+00
3.49077e+00	1.49401e-03	1.00045e+00
3.50073e+00	1.50345e-03	1.00045e+00
3.51066e+00	1.51285e-03	1.00045e+00
3.52059e+00	1.52237e-03	1.00045e+00
3.53086e+00	1.53219e-03	1.00045e+00
3.54075e+00	1.54158e-03	1.00045e+00
3.55074e+00	1.55097e-03	1.00045e+00
3.56066e+00	1.56030e-03	1.00045e+00
3.57059e+00	1.56973e-03	1.00045e+00
3.58084e+00	1.57934e-03	1.00045e+00
3.59081e+00	1.58875e-03	1.00045e+00
3.60074e+00	1.59808e-03	1.00045e+00
3.61068e+00	1.60734e-03	1.00045e+00
3.62063e+00	1.61664e-03	1.00045e+00
3.63088e+00	1.62625e-03	1.00045e+00
3.64081e+00	1.63542e-03	1.00046e+00
3.65074e+00	1.64469e-03	1.00045e+00
3.66069e+00	1.65393e-03	1.00045e+00
3.67063e+00	1.66312e-03	1.00045e+00
3.68090e+00	1.67265e-03	1.00045e+00
3.69083e+00	1.68184e-03	1.00045e+00
3.70078e+00	1.69097e-03	1.00045e+00
3.71072e+00	1.70022e-03	1.00045e+00
3.72067e+00	1.70933e-03	1.00045e+00
3.73060e+00	1.71840e-03	1.00045e+00
3.74085e+00	1.72778e-03	1.00045e+00
3.75077e+00	1.73679e-03	1.00045e+00
3.76074e+00	1.74591e-03	1.00045e+00
3.77068e+00	1.75498e-03	1.00045e+00
3.78057e+00	1.76393e-03	1.00045e+00
3.79083e+00	1.77320e-03	1.00045e+00
3.80079e+00	1.78221e-03	1.00045e+00
3.81074e+00	1.79119e-03	1.00045e+00
3.82066e+00	1.80014e-03	1.00045e+00
3.83057e+00	1.80907e-03	1.00045e+00
3.84084e+00	1.81834e-03	1.00045e+00
3.85077e+00	1.82720e-03	1.00045e+00
3.86070e+00	1.83610e-03	1.00045e+00
3.87062e+00	1.84497e-03	1.00045e+00
3.88060e+00	1.85385e-03	1.00045e+00
3.89085e+00	1.86295e-03	1.00045e+00
3.90078e+00	1.87180e-03	1.00045e+00
3.91071e+00	1.88051e-03	1.00045e+00
3.92064e+00	1.88939e-03	1.00045e+00
3.93057e+00	1.89811e-03	1.00045e+00
3.94086e+00	1.90718e-03	1.00045e+00
3.95078e+00	1.91589e-03	1.00045e+00
3.96072e+00	1.92459e-03	1.00045e+00
3.97066e+00	1.93328e-03	1.00045e+00
3.98059e+00	1.94195e-03	1.00045e+00
3.99083e+00	1.95081e-03	1.00045e+00
4.00076e+00	1.95948e-03	1.00045e+00
4.01072e+00	1.96806e-03	1.00045e+00
4.02067e+00	1.97671e-03	1.00045e+00
4.03056e+00	1.98532e-03	1.00045e+00
4.04083e+00	1.99413e-03	1.00045e+00
4.05081e+00	2.00272e-03	1.00045e+00
4.06073e+00	2.01122e-03	1.00045e+00
4.07068e+00	2.01975e-03	1.00045e+00
4.08059e+00	2.02829e-03	1.00045e+00
4.09085e+00	2.03704e-03	1.00045e+00
4.10084e+00	2.04556e-03	1.00045e+00
4.11077e+00	2.05392e-03	1.00045e+00
4.12069e+00	2.06237e-03	1.00045e+00
4.13062e+00	2.07082e-03	1.00045e+00
4.14088e+00	2.07952e-03	1.00045e+00
4.15082e+00	2.08783e-03	1.00045e+00
4.16075e+00	2.09628e-03	1.00045e+00
4.17067e+00	2.10456e-03	1.00045e+00
4.18066e+00	2.11294e-03	1.00045e+00
4.19092e+00	2.12152e-03	1.00045e+00
4.20083e+00	2.12987e-03	1.00045e+00
4.21077e+00	2.13816e-03	1.00045e+00
4.22074e+00	2.14640e-03	1.00045e+00
4.23065e+00	2.15468e-03	1.00045e+00
4.24086e+00	2.16318e-03	1.00045e+00
4.25080e+00	2.17136e-03	1.00045e+00
4.26077e+00	2.17960e-03	1.00045e+00
4.27071e+00	2.18778e-03	1.00045e+00
4.28063e+00	2.19590e-03	1.00045e+00
4.29088e+00	2.20424e-03	1.00045e+00
4.30081e+00	2.21245e-03	1.00045e+00
4.31076e+00	2.22051e-03	1.00045e+00
4.32067e+00	2.22866e-03	1.00045e+00
4.33061e+00	2.23671e-03	1.00045e+00
4.34089e+00	2.24504e-03	1.00045e+00
4.35085e+00	2.25309e-03	1.00045e+00
4.36077e+00	2.26108e-03	1.00045e+00
4.37069e+00	2.26910e-03	1.00045e+00
4.38064e+00	2.27715e-03	1.00045e+00
4.39090e+00	2.28538e-03	1.00045e+00
4.40083e+00	2.29335e-03	1.00045e+00
4.41074e+00	2.30136e-03	1.00045e+00
4.42067e+00	2.30922e-03	1.00045e+00
4.43066e+00	2.31722e-03	1.00045e+00
4.44092e+00	2.32537e-03	1.00045e+00
4.45083e+00	2.33321e-03	1.00045e+00
4.46077e+00	2.34106e-03	1.00045e+00
4.47068e+00	2.34896e-03	1.00045e+00
4.48063e+00	2.35684e-03	1.00045e+00
4.49090e+00	2.36494e-03	1.00045e+00
4.50079e+00	2.37271e-03	1.00045e+00
4.51074e+00	2.38049e-03	1.00045e+00
4.52072e+00	2.38835e-03	1.00045e+00
4.53064e+00	2.39605e-03	1.00045e+00
4.54089e+00	2.40410e-03	1.00045e+00
4.55080e+00	2.41187e-03	1.00045e+00
4.56075e+00	2.41952e-03	1.00045e+00
4.57069e+00	2.42722e-03	1.00045e+00
4.58062e+00	2.43494e-03	1.00045e+00
4.59091e+00	2.44290e-03	1.00045e+00
4.60087e+00	2.45056e-03	1.00045e+00
4.61081e+00	2.45820e-03	1.00045e+00
4.62072e+00	2.46588e-03	1.00045e+00
4.63065e+00	2.47349e-03	1.00045e+00
4.64089e+00	2.48133e-03	1.00045e+00
4.65086e+00	2.48892e-03	1.00045e+00
4.66079e+00	2.49642e-03	1.00045e+00
4.67071e+00	2.50401e-03	1.00045e+00
4.68064e+00	2.51154e-03	1.00045e+00
4.69091e+00	2.51929e-03	1.00045e+00
4.70086e+00	2.52679e-03	1.00045e+00
4.71079e+00	2.53434e-03	1.00045e+00
4.72071e+00	2.54187e-03	1.00045e+00
4.73068e+00	2.54934e-03	1.00045e+00
4.74096e+00	2.55704e-03	1.00045e+00
4.75086e+00	2.56447e-03	1.00045e+00
4.76083e+00	2.57194e-03	1.00045e+00
4.77077e+00	2.57934e-03	1.00045e+00
4.78070e+00	2.58668e-03	1.00045e+00
4.79094e+00	2.59431e-03	1.00045e+00
4.80086e+00	2.60173e-03	1.00045e+00
4.81078e+00	2.60909e-03	1.00045e+00
4.82074e+00	2.61641e-03	1.00045e+00
4.83066e+00	2.62375e-03	1.00045e+00
4.84095e+00	2.63133e-03	1.00045e+00
4.85088e+00	2.63863e-03	1.00045e+00
4.86084e+00	2.64592e-03	1.00045e+00
4.87077e+00	2.65316e-03	1.00045e+00
4.88070e+00	2.66046e-03	1.00045e+00
4.89095e+00	2.66797e-03	1.00045e+00
4.90091e+00	2.67519e-03	1.00045e+00
4.91084e+00	2.68244e-03	1.00045e+00
4.92078e+00	2.68963e-03	1.00045e+00
4.93069e+00	2.69678e-03	1.00045e+00
4.94064e+00	2.70399e-03	1.00045e+00
4.95090e+00	2.71140e-03	1.00045e+00
4.96082e+00	2.71857e-03	1.00045e+00
4.97074e+00	2.72569e-03	1.00045e+00
4.98070e+00	2.73286e-03	1.00045e+00
4.99065e+00	2.73996e-03	1.00045e+00
5.00089e+00	2.74733e-03	1.00045e+00
